% # columns="iteration, evaluation, min max(neg(.)) min(pos(.)) max correlation, correlation matrix principle axes lengths  (sorted square roots of eigenvalues of correlation matrix)", seed=1234, Sat Jul 16 12:21:43 2022
1 10 -0.04412483693337109 -0.0077709016755513165 0.011049344753969934 0.059139382693811963 0.9519445015851669 0.9614087095316739 0.9796430372923924 0.997016903126439 1.0022125325254279 1.0070029846848823 1.0099007074239565 1.020428444930177 1.0312633308891614 1.0356587730875366
2 20 -0.10145437837519622 -0.021474143821592063 0.024812737649456337 0.07415729696273993 0.9519445015851669 0.9614087095316739 0.9796430372923924 0.997016903126439 1.0022125325254279 1.0070029846848823 1.0099007074239565 1.020428444930177 1.0312633308891614 1.0356587730875366
3 30 -0.12714967761897789 -0.02995107719968268 0.022863819016567255 0.10074190416335865 0.9519445015851669 0.9614087095316739 0.9796430372923924 0.997016903126439 1.0022125325254279 1.0070029846848823 1.0099007074239565 1.020428444930177 1.0312633308891614 1.0356587730875366
4 40 -0.13785550324940238 -0.05699029993457855 0.03835154420171254 0.12644084001177 0.9519445015851669 0.9614087095316739 0.9796430372923924 0.997016903126439 1.0022125325254279 1.0070029846848823 1.0099007074239565 1.020428444930177 1.0312633308891614 1.0356587730875366
5 50 -0.14720229490722092 -0.054415956255554676 0.03373036620814605 0.14400586082967295 0.9519445015851669 0.9614087095316739 0.9796430372923924 0.997016903126439 1.0022125325254279 1.0070029846848823 1.0099007074239565 1.020428444930177 1.0312633308891614 1.0356587730875366
6 60 -0.15380928973691788 -0.05311471761870525 0.05704462897265203 0.15831077642533684 0.9519445015851669 0.9614087095316739 0.9796430372923924 0.997016903126439 1.0022125325254279 1.0070029846848823 1.0099007074239565 1.020428444930177 1.0312633308891614 1.0356587730875366
7 70 -0.15310207464394524 -0.07004148793850304 0.03918840073255373 0.16526125879429615 0.9519445015851669 0.9614087095316739 0.9796430372923924 0.997016903126439 1.0022125325254279 1.0070029846848823 1.0099007074239565 1.020428444930177 1.0312633308891614 1.0356587730875366
8 80 -0.1613274364056309 -0.0721948300850956 0.04050586976701398 0.16131829283652258 0.9519445015851669 0.9614087095316739 0.9796430372923924 0.997016903126439 1.0022125325254279 1.0070029846848823 1.0099007074239565 1.020428444930177 1.0312633308891614 1.0356587730875366
9 90 -0.1598021849341334 -0.0731595745966216 0.042710590441321764 0.19612534524240258 0.9519445015851669 0.9614087095316739 0.9796430372923924 0.997016903126439 1.0022125325254279 1.0070029846848823 1.0099007074239565 1.020428444930177 1.0312633308891614 1.0356587730875366
10 100 -0.2500687954573841 -0.0944786006933496 0.07258835292016688 0.2021014822724634 0.9519445015851669 0.9614087095316739 0.9796430372923924 0.997016903126439 1.0022125325254279 1.0070029846848823 1.0099007074239565 1.020428444930177 1.0312633308891614 1.0356587730875366
11 110 -0.3275592895185349 -0.12082766616915531 0.08001985005670474 0.24627980392785487 0.7566864116303195 0.7954715926144201 0.8305276353801104 0.8500695889687534 0.9138673810313362 0.9521102363731078 1.0371717028887495 1.0862127148749552 1.201641060486442 1.3932208104899406
12 120 -0.3015916999618472 -0.12293224854342578 0.09949978410592276 0.26303895923249637 0.7566864116303195 0.7954715926144201 0.8305276353801104 0.8500695889687534 0.9138673810313362 0.9521102363731078 1.0371717028887495 1.0862127148749552 1.201641060486442 1.3932208104899406
13 130 -0.2997575837085704 -0.156587011950964 0.11571450141734163 0.26135738526954305 0.7566864116303195 0.7954715926144201 0.8305276353801104 0.8500695889687534 0.9138673810313362 0.9521102363731078 1.0371717028887495 1.0862127148749552 1.201641060486442 1.3932208104899406
14 140 -0.28883310261155043 -0.168973446288773 0.12701253833150433 0.26843377113539935 0.7566864116303195 0.7954715926144201 0.8305276353801104 0.8500695889687534 0.9138673810313362 0.9521102363731078 1.0371717028887495 1.0862127148749552 1.201641060486442 1.3932208104899406
15 150 -0.28339649074269496 -0.15855073813583623 0.12040352394664994 0.27044216134767884 0.7566864116303195 0.7954715926144201 0.8305276353801104 0.8500695889687534 0.9138673810313362 0.9521102363731078 1.0371717028887495 1.0862127148749552 1.201641060486442 1.3932208104899406
16 160 -0.2866124163238634 -0.16495097012169338 0.10520234670771367 0.3115043983946744 0.7566864116303195 0.7954715926144201 0.8305276353801104 0.8500695889687534 0.9138673810313362 0.9521102363731078 1.0371717028887495 1.0862127148749552 1.201641060486442 1.3932208104899406
17 170 -0.29783372346032805 -0.17924676301988823 0.09230114729497071 0.3367321761302951 0.7566864116303195 0.7954715926144201 0.8305276353801104 0.8500695889687534 0.9138673810313362 0.9521102363731078 1.0371717028887495 1.0862127148749552 1.201641060486442 1.3932208104899406
18 180 -0.30719680028066465 -0.15996245012761426 0.11589858544699164 0.3127560891673246 0.7566864116303195 0.7954715926144201 0.8305276353801104 0.8500695889687534 0.9138673810313362 0.9521102363731078 1.0371717028887495 1.0862127148749552 1.201641060486442 1.3932208104899406
19 190 -0.2909925035770886 -0.16914056871442779 0.09616805773043077 0.3139103581960329 0.7566864116303195 0.7954715926144201 0.8305276353801104 0.8500695889687534 0.9138673810313362 0.9521102363731078 1.0371717028887495 1.0862127148749552 1.201641060486442 1.3932208104899406
20 200 -0.2778401669587022 -0.16514265786483762 0.11597672896283798 0.32088873111385124 0.7566864116303195 0.7954715926144201 0.8305276353801104 0.8500695889687534 0.9138673810313362 0.9521102363731078 1.0371717028887495 1.0862127148749552 1.201641060486442 1.3932208104899406
21 210 -0.2581861436445284 -0.15036899316434624 0.13013400629080651 0.2864360050469191 0.7204757652491584 0.7680604339939717 0.8159263933275763 0.8297820179332681 0.8848046239323887 0.9480001351642647 1.0210121810663737 1.0864980881036044 1.2175057816776758 1.466245541594862
22 220 -0.25347821225126754 -0.16857183856257896 0.12321102585742237 0.32431107938237197 0.7204757652491584 0.7680604339939717 0.8159263933275763 0.8297820179332681 0.8848046239323887 0.9480001351642647 1.0210121810663737 1.0864980881036044 1.2175057816776758 1.466245541594862
23 230 -0.29873622419835144 -0.15260363943033425 0.12277309197416429 0.3137872898360421 0.7204757652491584 0.7680604339939717 0.8159263933275763 0.8297820179332681 0.8848046239323887 0.9480001351642647 1.0210121810663737 1.0864980881036044 1.2175057816776758 1.466245541594862
24 240 -0.2947572465719303 -0.15501041925200412 0.14422425209407042 0.3314098428927306 0.7204757652491584 0.7680604339939717 0.8159263933275763 0.8297820179332681 0.8848046239323887 0.9480001351642647 1.0210121810663737 1.0864980881036044 1.2175057816776758 1.466245541594862
25 250 -0.29259239656232267 -0.15790352313350345 0.15231948213965973 0.32551757681243193 0.7204757652491584 0.7680604339939717 0.8159263933275763 0.8297820179332681 0.8848046239323887 0.9480001351642647 1.0210121810663737 1.0864980881036044 1.2175057816776758 1.466245541594862
26 260 -0.27183068428031154 -0.15774966955050967 0.155556152102047 0.3058535259063884 0.7204757652491584 0.7680604339939717 0.8159263933275763 0.8297820179332681 0.8848046239323887 0.9480001351642647 1.0210121810663737 1.0864980881036044 1.2175057816776758 1.466245541594862
27 270 -0.27253310462789065 -0.15656377794051962 0.13399178130911316 0.29516796792161687 0.7204757652491584 0.7680604339939717 0.8159263933275763 0.8297820179332681 0.8848046239323887 0.9480001351642647 1.0210121810663737 1.0864980881036044 1.2175057816776758 1.466245541594862
28 280 -0.31141225505879877 -0.13903598709414147 0.1257019394065891 0.2992972763249423 0.7204757652491584 0.7680604339939717 0.8159263933275763 0.8297820179332681 0.8848046239323887 0.9480001351642647 1.0210121810663737 1.0864980881036044 1.2175057816776758 1.466245541594862
29 290 -0.2984776946876192 -0.14307757540540744 0.11733846689130242 0.29676551199466106 0.7204757652491584 0.7680604339939717 0.8159263933275763 0.8297820179332681 0.8848046239323887 0.9480001351642647 1.0210121810663737 1.0864980881036044 1.2175057816776758 1.466245541594862
30 300 -0.3235267161875882 -0.14574406982341495 0.11257411650957819 0.3081406217513556 0.7204757652491584 0.7680604339939717 0.8159263933275763 0.8297820179332681 0.8848046239323887 0.9480001351642647 1.0210121810663737 1.0864980881036044 1.2175057816776758 1.466245541594862
31 310 -0.2910977193868978 -0.15433318452315709 0.12715137497961945 0.310391602116974 0.6837628906038147 0.7124816897222327 0.7255918071789472 0.8158922868740324 0.8530383322824505 1.0146055734932917 1.0668121035406597 1.1487265410435885 1.219292654575886 1.45987680399735
32 320 -0.2782135935656493 -0.16030335423977765 0.14154698428189663 0.32590097179851585 0.6837628906038147 0.7124816897222327 0.7255918071789472 0.8158922868740324 0.8530383322824505 1.0146055734932917 1.0668121035406597 1.1487265410435885 1.219292654575886 1.45987680399735
33 330 -0.30213373175379454 -0.13489341767827795 0.1360269215139838 0.3688724152284541 0.6837628906038147 0.7124816897222327 0.7255918071789472 0.8158922868740324 0.8530383322824505 1.0146055734932917 1.0668121035406597 1.1487265410435885 1.219292654575886 1.45987680399735
34 340 -0.3060860743035536 -0.1368489177694598 0.13132453137536992 0.353074344844006 0.6837628906038147 0.7124816897222327 0.7255918071789472 0.8158922868740324 0.8530383322824505 1.0146055734932917 1.0668121035406597 1.1487265410435885 1.219292654575886 1.45987680399735
35 350 -0.3362087548892609 -0.13184481081348243 0.16066868895660782 0.36792533215515133 0.6837628906038147 0.7124816897222327 0.7255918071789472 0.8158922868740324 0.8530383322824505 1.0146055734932917 1.0668121035406597 1.1487265410435885 1.219292654575886 1.45987680399735
36 360 -0.346123904302653 -0.11749354463385839 0.12763891832654195 0.36464798764840595 0.6837628906038147 0.7124816897222327 0.7255918071789472 0.8158922868740324 0.8530383322824505 1.0146055734932917 1.0668121035406597 1.1487265410435885 1.219292654575886 1.45987680399735
37 370 -0.36944012971195983 -0.11940030283144543 0.11178074651938198 0.35819104463372625 0.6837628906038147 0.7124816897222327 0.7255918071789472 0.8158922868740324 0.8530383322824505 1.0146055734932917 1.0668121035406597 1.1487265410435885 1.219292654575886 1.45987680399735
38 380 -0.3815336101660792 -0.12694426005700657 0.11601340908647914 0.3935491607471672 0.6837628906038147 0.7124816897222327 0.7255918071789472 0.8158922868740324 0.8530383322824505 1.0146055734932917 1.0668121035406597 1.1487265410435885 1.219292654575886 1.45987680399735
39 390 -0.36677325226335944 -0.13278649789456548 0.1128060855084017 0.3831821085194321 0.6837628906038147 0.7124816897222327 0.7255918071789472 0.8158922868740324 0.8530383322824505 1.0146055734932917 1.0668121035406597 1.1487265410435885 1.219292654575886 1.45987680399735
40 400 -0.3572859892306645 -0.15114323606580882 0.10456288838352445 0.3877607830277478 0.6837628906038147 0.7124816897222327 0.7255918071789472 0.8158922868740324 0.8530383322824505 1.0146055734932917 1.0668121035406597 1.1487265410435885 1.219292654575886 1.45987680399735
41 410 -0.33199745865288566 -0.16961496827367858 0.1119943352955591 0.3855825801896762 0.6201575337049166 0.6406959514493653 0.753522529756854 0.8006426282322392 0.8362195856563491 0.9683427487585784 1.0661788758917254 1.1667007836242849 1.3429810981012236 1.434437622177627
42 420 -0.36751163115541086 -0.16719240208046382 0.14104047171194514 0.36936158421846593 0.6201575337049166 0.6406959514493653 0.753522529756854 0.8006426282322392 0.8362195856563491 0.9683427487585784 1.0661788758917254 1.1667007836242849 1.3429810981012236 1.434437622177627
43 430 -0.3938680988247974 -0.16775755382457444 0.13979991019874566 0.33751536244111574 0.6201575337049166 0.6406959514493653 0.753522529756854 0.8006426282322392 0.8362195856563491 0.9683427487585784 1.0661788758917254 1.1667007836242849 1.3429810981012236 1.434437622177627
44 440 -0.3722624865735078 -0.1549555596393527 0.14759772700822799 0.3493446127397448 0.6201575337049166 0.6406959514493653 0.753522529756854 0.8006426282322392 0.8362195856563491 0.9683427487585784 1.0661788758917254 1.1667007836242849 1.3429810981012236 1.434437622177627
45 450 -0.36689792043752584 -0.16435689572402812 0.1589963328231491 0.3386908047785749 0.6201575337049166 0.6406959514493653 0.753522529756854 0.8006426282322392 0.8362195856563491 0.9683427487585784 1.0661788758917254 1.1667007836242849 1.3429810981012236 1.434437622177627
46 460 -0.3772381007916324 -0.1633549513101336 0.13724226510922605 0.3357886060706873 0.6201575337049166 0.6406959514493653 0.753522529756854 0.8006426282322392 0.8362195856563491 0.9683427487585784 1.0661788758917254 1.1667007836242849 1.3429810981012236 1.434437622177627
47 470 -0.37006364301248473 -0.17068198832054585 0.16283925119261625 0.34613499133976083 0.6201575337049166 0.6406959514493653 0.753522529756854 0.8006426282322392 0.8362195856563491 0.9683427487585784 1.0661788758917254 1.1667007836242849 1.3429810981012236 1.434437622177627
48 480 -0.38695465737208196 -0.15558998905015792 0.16222091765287722 0.3933672926862859 0.6201575337049166 0.6406959514493653 0.753522529756854 0.8006426282322392 0.8362195856563491 0.9683427487585784 1.0661788758917254 1.1667007836242849 1.3429810981012236 1.434437622177627
49 490 -0.3736112808401558 -0.14488866671686257 0.15669656675974536 0.4087329452339987 0.6201575337049166 0.6406959514493653 0.753522529756854 0.8006426282322392 0.8362195856563491 0.9683427487585784 1.0661788758917254 1.1667007836242849 1.3429810981012236 1.434437622177627
50 500 -0.39724573627344345 -0.15469012647440925 0.15630876470989624 0.4235907017128594 0.6201575337049166 0.6406959514493653 0.753522529756854 0.8006426282322392 0.8362195856563491 0.9683427487585784 1.0661788758917254 1.1667007836242849 1.3429810981012236 1.434437622177627
51 510 -0.4047436244769051 -0.16463727383452806 0.1496910123699547 0.4321849959888775 0.590526046979217 0.664559092667547 0.7239058109130938 0.7735192333054871 0.8422504495087033 0.8880859804653131 1.0692779716431193 1.1683769321693465 1.3019686190901618 1.5445399713396426
52 520 -0.41821114961815037 -0.17175310636778424 0.16259005186473602 0.44063826174421994 0.590526046979217 0.664559092667547 0.7239058109130938 0.7735192333054871 0.8422504495087033 0.8880859804653131 1.0692779716431193 1.1683769321693465 1.3019686190901618 1.5445399713396426
53 530 -0.4152721105345982 -0.16016570472850306 0.16554988811103416 0.44021842402708733 0.590526046979217 0.664559092667547 0.7239058109130938 0.7735192333054871 0.8422504495087033 0.8880859804653131 1.0692779716431193 1.1683769321693465 1.3019686190901618 1.5445399713396426
54 540 -0.3782743832904526 -0.18085627877683436 0.1657532964323445 0.4520534231798363 0.590526046979217 0.664559092667547 0.7239058109130938 0.7735192333054871 0.8422504495087033 0.8880859804653131 1.0692779716431193 1.1683769321693465 1.3019686190901618 1.5445399713396426
55 550 -0.3698950644737697 -0.17423712470075847 0.1774237717734563 0.4425955622707918 0.590526046979217 0.664559092667547 0.7239058109130938 0.7735192333054871 0.8422504495087033 0.8880859804653131 1.0692779716431193 1.1683769321693465 1.3019686190901618 1.5445399713396426
56 560 -0.34124077014695164 -0.17648082684086752 0.16555808619863185 0.4315835591223828 0.590526046979217 0.664559092667547 0.7239058109130938 0.7735192333054871 0.8422504495087033 0.8880859804653131 1.0692779716431193 1.1683769321693465 1.3019686190901618 1.5445399713396426
57 570 -0.3604135290488639 -0.18401688400922733 0.16684453379023745 0.4426626052867193 0.590526046979217 0.664559092667547 0.7239058109130938 0.7735192333054871 0.8422504495087033 0.8880859804653131 1.0692779716431193 1.1683769321693465 1.3019686190901618 1.5445399713396426
58 580 -0.3722303598519828 -0.19105488955348288 0.16300357581806466 0.4362407080191089 0.590526046979217 0.664559092667547 0.7239058109130938 0.7735192333054871 0.8422504495087033 0.8880859804653131 1.0692779716431193 1.1683769321693465 1.3019686190901618 1.5445399713396426
59 590 -0.38936668472156766 -0.20103140016746315 0.16701121435231225 0.41383723321530197 0.590526046979217 0.664559092667547 0.7239058109130938 0.7735192333054871 0.8422504495087033 0.8880859804653131 1.0692779716431193 1.1683769321693465 1.3019686190901618 1.5445399713396426
60 600 -0.37566049340024127 -0.17565327494312039 0.14858962355366573 0.3862711220338052 0.590526046979217 0.664559092667547 0.7239058109130938 0.7735192333054871 0.8422504495087033 0.8880859804653131 1.0692779716431193 1.1683769321693465 1.3019686190901618 1.5445399713396426
61 610 -0.39274713057994814 -0.16792759984012834 0.14190823139787817 0.41629566006178087 0.5557852147581209 0.6283053064094674 0.7082769862841624 0.8018124072852945 0.8524246354311599 0.9165232270724551 1.0860430012776807 1.1340674508613997 1.3348313257674844 1.5289735688973238
62 620 -0.4308513051378799 -0.16032337993742724 0.12293129480380963 0.361837356743721 0.5557852147581209 0.6283053064094674 0.7082769862841624 0.8018124072852945 0.8524246354311599 0.9165232270724551 1.0860430012776807 1.1340674508613997 1.3348313257674844 1.5289735688973238
63 630 -0.4406190271146173 -0.18850357410542673 0.12635077241256298 0.3598810428313764 0.5557852147581209 0.6283053064094674 0.7082769862841624 0.8018124072852945 0.8524246354311599 0.9165232270724551 1.0860430012776807 1.1340674508613997 1.3348313257674844 1.5289735688973238
64 640 -0.45957620990750914 -0.16711758338563143 0.15547529951863887 0.3506353524644732 0.5557852147581209 0.6283053064094674 0.7082769862841624 0.8018124072852945 0.8524246354311599 0.9165232270724551 1.0860430012776807 1.1340674508613997 1.3348313257674844 1.5289735688973238
65 650 -0.4436747339027568 -0.1733038324400763 0.15670733367065326 0.351406998606797 0.5557852147581209 0.6283053064094674 0.7082769862841624 0.8018124072852945 0.8524246354311599 0.9165232270724551 1.0860430012776807 1.1340674508613997 1.3348313257674844 1.5289735688973238
66 660 -0.4378318700704598 -0.16109030829554097 0.12917693791046442 0.37236700689573227 0.5557852147581209 0.6283053064094674 0.7082769862841624 0.8018124072852945 0.8524246354311599 0.9165232270724551 1.0860430012776807 1.1340674508613997 1.3348313257674844 1.5289735688973238
67 670 -0.4271746527727642 -0.20928405413089807 0.11025764813738892 0.37814507096155736 0.5557852147581209 0.6283053064094674 0.7082769862841624 0.8018124072852945 0.8524246354311599 0.9165232270724551 1.0860430012776807 1.1340674508613997 1.3348313257674844 1.5289735688973238
68 680 -0.4360273633900304 -0.22013852187034366 0.11581524488876808 0.3935954749356923 0.5557852147581209 0.6283053064094674 0.7082769862841624 0.8018124072852945 0.8524246354311599 0.9165232270724551 1.0860430012776807 1.1340674508613997 1.3348313257674844 1.5289735688973238
69 690 -0.4474971623333503 -0.18898894158065022 0.13365258346478426 0.4036101176495287 0.5557852147581209 0.6283053064094674 0.7082769862841624 0.8018124072852945 0.8524246354311599 0.9165232270724551 1.0860430012776807 1.1340674508613997 1.3348313257674844 1.5289735688973238
70 700 -0.453109093810351 -0.17304991530613417 0.14158416847826055 0.4144545918337647 0.5557852147581209 0.6283053064094674 0.7082769862841624 0.8018124072852945 0.8524246354311599 0.9165232270724551 1.0860430012776807 1.1340674508613997 1.3348313257674844 1.5289735688973238
71 710 -0.43790207983176116 -0.17758926507004402 0.1475205646841653 0.39884779502655643 0.5145663674897263 0.5524425423620257 0.6683628491755872 0.7800721196257276 0.8393641351634965 1.0158310889994848 1.0415012922843343 1.2367437697816357 1.2794449587792942 1.545031660392596
72 720 -0.45354189352495505 -0.20967630150065109 0.1326676804591516 0.3860177669865298 0.5145663674897263 0.5524425423620257 0.6683628491755872 0.7800721196257276 0.8393641351634965 1.0158310889994848 1.0415012922843343 1.2367437697816357 1.2794449587792942 1.545031660392596
73 730 -0.4371159612456793 -0.198112812952928 0.11653524483357897 0.3866822378086693 0.5145663674897263 0.5524425423620257 0.6683628491755872 0.7800721196257276 0.8393641351634965 1.0158310889994848 1.0415012922843343 1.2367437697816357 1.2794449587792942 1.545031660392596
74 740 -0.44202855134466884 -0.18920244897514837 0.1016070814162927 0.38103675547033 0.5145663674897263 0.5524425423620257 0.6683628491755872 0.7800721196257276 0.8393641351634965 1.0158310889994848 1.0415012922843343 1.2367437697816357 1.2794449587792942 1.545031660392596
75 750 -0.44969261494873913 -0.18983876490923932 0.08709981516774937 0.3587367789276846 0.5145663674897263 0.5524425423620257 0.6683628491755872 0.7800721196257276 0.8393641351634965 1.0158310889994848 1.0415012922843343 1.2367437697816357 1.2794449587792942 1.545031660392596
76 760 -0.43637804551461046 -0.18374218657258898 0.09594966576779035 0.3757690396918576 0.5145663674897263 0.5524425423620257 0.6683628491755872 0.7800721196257276 0.8393641351634965 1.0158310889994848 1.0415012922843343 1.2367437697816357 1.2794449587792942 1.545031660392596
77 770 -0.43367952066884863 -0.17190136454188973 0.10139496017389735 0.3573542198938909 0.5145663674897263 0.5524425423620257 0.6683628491755872 0.7800721196257276 0.8393641351634965 1.0158310889994848 1.0415012922843343 1.2367437697816357 1.2794449587792942 1.545031660392596
78 780 -0.4415027141767551 -0.16806781826205008 0.08947158971936334 0.38676119293197436 0.5145663674897263 0.5524425423620257 0.6683628491755872 0.7800721196257276 0.8393641351634965 1.0158310889994848 1.0415012922843343 1.2367437697816357 1.2794449587792942 1.545031660392596
79 790 -0.43465331242416716 -0.17215984105152896 0.08590834662768779 0.382671702278748 0.5145663674897263 0.5524425423620257 0.6683628491755872 0.7800721196257276 0.8393641351634965 1.0158310889994848 1.0415012922843343 1.2367437697816357 1.2794449587792942 1.545031660392596
80 800 -0.4638829697377191 -0.18072785591753243 0.11186745694991103 0.392829850045081 0.5145663674897263 0.5524425423620257 0.6683628491755872 0.7800721196257276 0.8393641351634965 1.0158310889994848 1.0415012922843343 1.2367437697816357 1.2794449587792942 1.545031660392596
81 810 -0.4408117126872262 -0.19131469660423195 0.10701491976220609 0.41938542839426973 0.5011333504807856 0.586234596251956 0.6960025664428909 0.7811187802259094 0.8872165308079057 1.094854996993704 1.1128706225439013 1.1478981672695172 1.2718099965597833 1.4666682353566685
82 820 -0.4474354444092588 -0.18663285534766114 0.11090702236627367 0.43753632292416467 0.5011333504807856 0.586234596251956 0.6960025664428909 0.7811187802259094 0.8872165308079057 1.094854996993704 1.1128706225439013 1.1478981672695172 1.2718099965597833 1.4666682353566685
83 830 -0.4469025517692902 -0.17973498992822168 0.11936012255495823 0.41903487206175727 0.5011333504807856 0.586234596251956 0.6960025664428909 0.7811187802259094 0.8872165308079057 1.094854996993704 1.1128706225439013 1.1478981672695172 1.2718099965597833 1.4666682353566685
84 840 -0.4139017405411417 -0.17637041191660485 0.1291472764603285 0.4259516835731045 0.5011333504807856 0.586234596251956 0.6960025664428909 0.7811187802259094 0.8872165308079057 1.094854996993704 1.1128706225439013 1.1478981672695172 1.2718099965597833 1.4666682353566685
85 850 -0.43662231930004197 -0.159566319340989 0.11402198938867411 0.44814124385792853 0.5011333504807856 0.586234596251956 0.6960025664428909 0.7811187802259094 0.8872165308079057 1.094854996993704 1.1128706225439013 1.1478981672695172 1.2718099965597833 1.4666682353566685
86 860 -0.44617956559802474 -0.15094084881349268 0.11479474556410808 0.4347041460886855 0.5011333504807856 0.586234596251956 0.6960025664428909 0.7811187802259094 0.8872165308079057 1.094854996993704 1.1128706225439013 1.1478981672695172 1.2718099965597833 1.4666682353566685
87 870 -0.42344038420523816 -0.157304248616941 0.11681494369105518 0.4132559973111538 0.5011333504807856 0.586234596251956 0.6960025664428909 0.7811187802259094 0.8872165308079057 1.094854996993704 1.1128706225439013 1.1478981672695172 1.2718099965597833 1.4666682353566685
88 880 -0.40452082145751067 -0.1679865471385741 0.14187934230135904 0.4025796997982517 0.5011333504807856 0.586234596251956 0.6960025664428909 0.7811187802259094 0.8872165308079057 1.094854996993704 1.1128706225439013 1.1478981672695172 1.2718099965597833 1.4666682353566685
89 890 -0.39217594020054597 -0.1498824068772464 0.1301144540429565 0.3883053666985072 0.5011333504807856 0.586234596251956 0.6960025664428909 0.7811187802259094 0.8872165308079057 1.094854996993704 1.1128706225439013 1.1478981672695172 1.2718099965597833 1.4666682353566685
90 900 -0.38896962949219793 -0.16643440566840062 0.12947203132466392 0.3586221203593805 0.5011333504807856 0.586234596251956 0.6960025664428909 0.7811187802259094 0.8872165308079057 1.094854996993704 1.1128706225439013 1.1478981672695172 1.2718099965597833 1.4666682353566685
91 910 -0.43311369564097535 -0.16683927663171855 0.11584867319846112 0.359844564875934 0.49423880368836554 0.5996019805333626 0.7284931143897646 0.7774237723011719 0.9089945309833595 1.061159238506004 1.1246511667978016 1.1895354859662872 1.2409955421741043 1.4452960556729788
92 920 -0.4376326973464447 -0.16342390872852974 0.12132689261524934 0.3567273811044028 0.49423880368836554 0.5996019805333626 0.7284931143897646 0.7774237723011719 0.9089945309833595 1.061159238506004 1.1246511667978016 1.1895354859662872 1.2409955421741043 1.4452960556729788
93 930 -0.4539533667521137 -0.14890149601719693 0.09154894894083856 0.3217722807982316 0.49423880368836554 0.5996019805333626 0.7284931143897646 0.7774237723011719 0.9089945309833595 1.061159238506004 1.1246511667978016 1.1895354859662872 1.2409955421741043 1.4452960556729788
94 940 -0.4727961712310103 -0.13816605546920058 0.11120873606004396 0.31986356073214445 0.49423880368836554 0.5996019805333626 0.7284931143897646 0.7774237723011719 0.9089945309833595 1.061159238506004 1.1246511667978016 1.1895354859662872 1.2409955421741043 1.4452960556729788
95 950 -0.5016460345442175 -0.14364750892353928 0.09601192126168784 0.3033239299252711 0.49423880368836554 0.5996019805333626 0.7284931143897646 0.7774237723011719 0.9089945309833595 1.061159238506004 1.1246511667978016 1.1895354859662872 1.2409955421741043 1.4452960556729788
96 960 -0.5159845235163275 -0.14780920528124641 0.10804037445435334 0.3245615124690959 0.49423880368836554 0.5996019805333626 0.7284931143897646 0.7774237723011719 0.9089945309833595 1.061159238506004 1.1246511667978016 1.1895354859662872 1.2409955421741043 1.4452960556729788
97 970 -0.4829811251135587 -0.14858287929044392 0.12221286346514744 0.3224832789764218 0.49423880368836554 0.5996019805333626 0.7284931143897646 0.7774237723011719 0.9089945309833595 1.061159238506004 1.1246511667978016 1.1895354859662872 1.2409955421741043 1.4452960556729788
98 980 -0.4486782249044013 -0.11663367455735049 0.13412032939948001 0.32056025327833354 0.49423880368836554 0.5996019805333626 0.7284931143897646 0.7774237723011719 0.9089945309833595 1.061159238506004 1.1246511667978016 1.1895354859662872 1.2409955421741043 1.4452960556729788
99 990 -0.43551706995430917 -0.13551884715678247 0.12262813420103308 0.3022722545580639 0.49423880368836554 0.5996019805333626 0.7284931143897646 0.7774237723011719 0.9089945309833595 1.061159238506004 1.1246511667978016 1.1895354859662872 1.2409955421741043 1.4452960556729788
100 1000 -0.4220339352842009 -0.1258833241764123 0.12203283550583963 0.32533179427332176 0.49423880368836554 0.5996019805333626 0.7284931143897646 0.7774237723011719 0.9089945309833595 1.061159238506004 1.1246511667978016 1.1895354859662872 1.2409955421741043 1.4452960556729788
101 1010 -0.4651482996938174 -0.15173904829755214 0.12995607241059323 0.31948689467629754 0.5549890756476624 0.5933062230102648 0.7250794822663589 0.7740624346950776 0.9379932793729467 1.0057204468658936 1.1165252381470618 1.1552596601942835 1.2351620977878264 1.4889184115132656
102 1020 -0.4392863228523656 -0.17378818921685235 0.10898321372287695 0.3072933325333096 0.5549890756476624 0.5933062230102648 0.7250794822663589 0.7740624346950776 0.9379932793729467 1.0057204468658936 1.1165252381470618 1.1552596601942835 1.2351620977878264 1.4889184115132656
103 1030 -0.4693942012440783 -0.16973367320290572 0.10101163756091615 0.2989309901698887 0.5549890756476624 0.5933062230102648 0.7250794822663589 0.7740624346950776 0.9379932793729467 1.0057204468658936 1.1165252381470618 1.1552596601942835 1.2351620977878264 1.4889184115132656
104 1040 -0.43749502800570833 -0.1456673626271954 0.10376526440349937 0.2894500152778923 0.5549890756476624 0.5933062230102648 0.7250794822663589 0.7740624346950776 0.9379932793729467 1.0057204468658936 1.1165252381470618 1.1552596601942835 1.2351620977878264 1.4889184115132656
105 1050 -0.42348547982128987 -0.14103708817545235 0.11751666254454843 0.3032766059627107 0.5549890756476624 0.5933062230102648 0.7250794822663589 0.7740624346950776 0.9379932793729467 1.0057204468658936 1.1165252381470618 1.1552596601942835 1.2351620977878264 1.4889184115132656
106 1060 -0.43001875512511617 -0.16196330388888064 0.11006677131201253 0.315505861051993 0.5549890756476624 0.5933062230102648 0.7250794822663589 0.7740624346950776 0.9379932793729467 1.0057204468658936 1.1165252381470618 1.1552596601942835 1.2351620977878264 1.4889184115132656
107 1070 -0.39959278773125767 -0.1517327152692336 0.12578244208155814 0.32691752357405424 0.5549890756476624 0.5933062230102648 0.7250794822663589 0.7740624346950776 0.9379932793729467 1.0057204468658936 1.1165252381470618 1.1552596601942835 1.2351620977878264 1.4889184115132656
108 1080 -0.4097320465599619 -0.1603907304908477 0.11115842135769283 0.3254343335127583 0.5549890756476624 0.5933062230102648 0.7250794822663589 0.7740624346950776 0.9379932793729467 1.0057204468658936 1.1165252381470618 1.1552596601942835 1.2351620977878264 1.4889184115132656
109 1090 -0.4090803545368552 -0.15323741190196577 0.12116549409430839 0.3277016714563831 0.5549890756476624 0.5933062230102648 0.7250794822663589 0.7740624346950776 0.9379932793729467 1.0057204468658936 1.1165252381470618 1.1552596601942835 1.2351620977878264 1.4889184115132656
110 1100 -0.3961334424059225 -0.1498749748656535 0.10764302241957514 0.32264396138569207 0.5549890756476624 0.5933062230102648 0.7250794822663589 0.7740624346950776 0.9379932793729467 1.0057204468658936 1.1165252381470618 1.1552596601942835 1.2351620977878264 1.4889184115132656
111 1110 -0.4222322358274432 -0.14799028862956826 0.10783919277979101 0.3461410983411961 0.5394456866146026 0.6489737672636979 0.7088362543553237 0.7774323943435395 0.9928990933113608 1.0553484204667023 1.096649872451728 1.1262678235859005 1.1683950774362855 1.4983675547349886
112 1120 -0.4278209171277705 -0.14999743801419257 0.11653789461257981 0.3342544843186208 0.5394456866146026 0.6489737672636979 0.7088362543553237 0.7774323943435395 0.9928990933113608 1.0553484204667023 1.096649872451728 1.1262678235859005 1.1683950774362855 1.4983675547349886
113 1130 -0.39694477181442867 -0.1592784738923631 0.1204727443317233 0.3623512817805632 0.5394456866146026 0.6489737672636979 0.7088362543553237 0.7774323943435395 0.9928990933113608 1.0553484204667023 1.096649872451728 1.1262678235859005 1.1683950774362855 1.4983675547349886
114 1140 -0.41033269118716065 -0.17856798168705212 0.13064736837032884 0.36778323644722344 0.5394456866146026 0.6489737672636979 0.7088362543553237 0.7774323943435395 0.9928990933113608 1.0553484204667023 1.096649872451728 1.1262678235859005 1.1683950774362855 1.4983675547349886
115 1150 -0.4434747583824012 -0.1813686667478582 0.1108473844811668 0.3833653614468968 0.5394456866146026 0.6489737672636979 0.7088362543553237 0.7774323943435395 0.9928990933113608 1.0553484204667023 1.096649872451728 1.1262678235859005 1.1683950774362855 1.4983675547349886
116 1160 -0.43819816943844603 -0.2038711517448171 0.12610136536758093 0.35265804410758084 0.5394456866146026 0.6489737672636979 0.7088362543553237 0.7774323943435395 0.9928990933113608 1.0553484204667023 1.096649872451728 1.1262678235859005 1.1683950774362855 1.4983675547349886
117 1170 -0.448777051017353 -0.17682568242701785 0.10295486187011693 0.35089414205544045 0.5394456866146026 0.6489737672636979 0.7088362543553237 0.7774323943435395 0.9928990933113608 1.0553484204667023 1.096649872451728 1.1262678235859005 1.1683950774362855 1.4983675547349886
118 1180 -0.45509142357546856 -0.19364509259905444 0.11553474951747916 0.36217958245206017 0.5394456866146026 0.6489737672636979 0.7088362543553237 0.7774323943435395 0.9928990933113608 1.0553484204667023 1.096649872451728 1.1262678235859005 1.1683950774362855 1.4983675547349886
119 1190 -0.44733782330460453 -0.20081334415603752 0.12263160083637367 0.398962841317984 0.5394456866146026 0.6489737672636979 0.7088362543553237 0.7774323943435395 0.9928990933113608 1.0553484204667023 1.096649872451728 1.1262678235859005 1.1683950774362855 1.4983675547349886
120 1200 -0.44017762722209763 -0.1926485732690085 0.12573581766688435 0.3923100663292 0.5394456866146026 0.6489737672636979 0.7088362543553237 0.7774323943435395 0.9928990933113608 1.0553484204667023 1.096649872451728 1.1262678235859005 1.1683950774362855 1.4983675547349886
121 1210 -0.454267813440814 -0.16738023823395243 0.12165336618359768 0.40863661525825984 0.47535014761482486 0.6309456763083127 0.6593809496601128 0.723849698256038 0.9192246710188432 0.985796044766329 1.0380536651878776 1.1548305047280196 1.356571734004365 1.5326332094221942
122 1220 -0.457641080202068 -0.167692382342561 0.11033038554095141 0.41911291845572823 0.47535014761482486 0.6309456763083127 0.6593809496601128 0.723849698256038 0.9192246710188432 0.985796044766329 1.0380536651878776 1.1548305047280196 1.356571734004365 1.5326332094221942
123 1230 -0.4359136231292384 -0.17240603263822876 0.12046333738360969 0.4023460706678365 0.47535014761482486 0.6309456763083127 0.6593809496601128 0.723849698256038 0.9192246710188432 0.985796044766329 1.0380536651878776 1.1548305047280196 1.356571734004365 1.5326332094221942
124 1240 -0.4325029711106277 -0.19425770755836436 0.11327031602109802 0.37402593508938653 0.47535014761482486 0.6309456763083127 0.6593809496601128 0.723849698256038 0.9192246710188432 0.985796044766329 1.0380536651878776 1.1548305047280196 1.356571734004365 1.5326332094221942
125 1250 -0.4624300476998411 -0.17900568954924706 0.11774536452809552 0.37469745903230295 0.47535014761482486 0.6309456763083127 0.6593809496601128 0.723849698256038 0.9192246710188432 0.985796044766329 1.0380536651878776 1.1548305047280196 1.356571734004365 1.5326332094221942
126 1260 -0.4532168259628462 -0.164360668488076 0.11156060742147905 0.37507354258246184 0.47535014761482486 0.6309456763083127 0.6593809496601128 0.723849698256038 0.9192246710188432 0.985796044766329 1.0380536651878776 1.1548305047280196 1.356571734004365 1.5326332094221942
127 1270 -0.45484814689081404 -0.16705369584894325 0.12697738195855213 0.3912221764996662 0.47535014761482486 0.6309456763083127 0.6593809496601128 0.723849698256038 0.9192246710188432 0.985796044766329 1.0380536651878776 1.1548305047280196 1.356571734004365 1.5326332094221942
128 1280 -0.43472297627722967 -0.18904101915801078 0.11051886967653808 0.3993799799809334 0.47535014761482486 0.6309456763083127 0.6593809496601128 0.723849698256038 0.9192246710188432 0.985796044766329 1.0380536651878776 1.1548305047280196 1.356571734004365 1.5326332094221942
129 1290 -0.3926969685400425 -0.19640900490412838 0.08306960175902739 0.4152905876738591 0.47535014761482486 0.6309456763083127 0.6593809496601128 0.723849698256038 0.9192246710188432 0.985796044766329 1.0380536651878776 1.1548305047280196 1.356571734004365 1.5326332094221942
130 1300 -0.3787481459703337 -0.20962133976647437 0.10792392518577416 0.36841379327426876 0.47535014761482486 0.6309456763083127 0.6593809496601128 0.723849698256038 0.9192246710188432 0.985796044766329 1.0380536651878776 1.1548305047280196 1.356571734004365 1.5326332094221942
131 1310 -0.3774781762354037 -0.21116870694947854 0.0815067402036216 0.375753929233135 0.5306399546885024 0.6302673179988038 0.7477424100685475 0.7815167743256671 0.9571395056271877 0.9758653269661607 1.096028424173918 1.1497413344368863 1.2856067668403137 1.4515163776963582
132 1320 -0.3732702463507171 -0.20988670681160815 0.10057980532116667 0.3781150658365747 0.5306399546885024 0.6302673179988038 0.7477424100685475 0.7815167743256671 0.9571395056271877 0.9758653269661607 1.096028424173918 1.1497413344368863 1.2856067668403137 1.4515163776963582
133 1330 -0.35659188806481285 -0.20862676977693545 0.08993238917093191 0.36051736752350083 0.5306399546885024 0.6302673179988038 0.7477424100685475 0.7815167743256671 0.9571395056271877 0.9758653269661607 1.096028424173918 1.1497413344368863 1.2856067668403137 1.4515163776963582
134 1340 -0.36214478734719285 -0.17585772237548639 0.10499338677913128 0.3566379002856318 0.5306399546885024 0.6302673179988038 0.7477424100685475 0.7815167743256671 0.9571395056271877 0.9758653269661607 1.096028424173918 1.1497413344368863 1.2856067668403137 1.4515163776963582
135 1350 -0.34927657845421367 -0.18434498924807324 0.08694240041202765 0.33411789521356033 0.5306399546885024 0.6302673179988038 0.7477424100685475 0.7815167743256671 0.9571395056271877 0.9758653269661607 1.096028424173918 1.1497413344368863 1.2856067668403137 1.4515163776963582
136 1360 -0.3658444113643932 -0.1621317708771019 0.09749334440269018 0.3388378591729603 0.5306399546885024 0.6302673179988038 0.7477424100685475 0.7815167743256671 0.9571395056271877 0.9758653269661607 1.096028424173918 1.1497413344368863 1.2856067668403137 1.4515163776963582
137 1370 -0.3666801227458712 -0.17993545002723704 0.10553503679875854 0.35249980021006355 0.5306399546885024 0.6302673179988038 0.7477424100685475 0.7815167743256671 0.9571395056271877 0.9758653269661607 1.096028424173918 1.1497413344368863 1.2856067668403137 1.4515163776963582
138 1380 -0.3728468486321371 -0.18682270904314607 0.12842094765793738 0.3585907770933231 0.5306399546885024 0.6302673179988038 0.7477424100685475 0.7815167743256671 0.9571395056271877 0.9758653269661607 1.096028424173918 1.1497413344368863 1.2856067668403137 1.4515163776963582
139 1390 -0.39119075801037567 -0.182987847966201 0.12331484304228058 0.37746278568614977 0.5306399546885024 0.6302673179988038 0.7477424100685475 0.7815167743256671 0.9571395056271877 0.9758653269661607 1.096028424173918 1.1497413344368863 1.2856067668403137 1.4515163776963582
140 1400 -0.3845940573371228 -0.16357798776718172 0.1324092618824574 0.35039831183553627 0.5306399546885024 0.6302673179988038 0.7477424100685475 0.7815167743256671 0.9571395056271877 0.9758653269661607 1.096028424173918 1.1497413344368863 1.2856067668403137 1.4515163776963582
141 1410 -0.4110235925177247 -0.15294139951371685 0.08681995204442075 0.33823583385008005 0.5254972083101702 0.6096884740588485 0.671797861028749 0.8062311264505065 0.9080227287086623 1.02259201266728 1.0825518075209561 1.162289538258763 1.2954693131494301 1.476325108189453
142 1420 -0.41821946884712297 -0.14807985933920786 0.09126590343405411 0.318008825568552 0.5254972083101702 0.6096884740588485 0.671797861028749 0.8062311264505065 0.9080227287086623 1.02259201266728 1.0825518075209561 1.162289538258763 1.2954693131494301 1.476325108189453
143 1430 -0.4119737939771373 -0.1502307302939409 0.10918345853489043 0.34068568845779107 0.5254972083101702 0.6096884740588485 0.671797861028749 0.8062311264505065 0.9080227287086623 1.02259201266728 1.0825518075209561 1.162289538258763 1.2954693131494301 1.476325108189453
144 1440 -0.3682312142348014 -0.1531481744533017 0.11582577977099091 0.3738868143932574 0.5254972083101702 0.6096884740588485 0.671797861028749 0.8062311264505065 0.9080227287086623 1.02259201266728 1.0825518075209561 1.162289538258763 1.2954693131494301 1.476325108189453
145 1450 -0.3641878337731871 -0.152743604937827 0.09782887007470843 0.38783926541214325 0.5254972083101702 0.6096884740588485 0.671797861028749 0.8062311264505065 0.9080227287086623 1.02259201266728 1.0825518075209561 1.162289538258763 1.2954693131494301 1.476325108189453
146 1460 -0.3854419139950208 -0.13012305744961075 0.09911722295463193 0.41968904048661865 0.5254972083101702 0.6096884740588485 0.671797861028749 0.8062311264505065 0.9080227287086623 1.02259201266728 1.0825518075209561 1.162289538258763 1.2954693131494301 1.476325108189453
147 1470 -0.4207535827995131 -0.13125931939659463 0.10150538164282111 0.4030579601549419 0.5254972083101702 0.6096884740588485 0.671797861028749 0.8062311264505065 0.9080227287086623 1.02259201266728 1.0825518075209561 1.162289538258763 1.2954693131494301 1.476325108189453
148 1480 -0.4143491864265843 -0.12805090976639127 0.0843586206765374 0.4049289581476345 0.5254972083101702 0.6096884740588485 0.671797861028749 0.8062311264505065 0.9080227287086623 1.02259201266728 1.0825518075209561 1.162289538258763 1.2954693131494301 1.476325108189453
149 1490 -0.44497855151618904 -0.12964133259176566 0.09844205082456713 0.4039684762970746 0.5254972083101702 0.6096884740588485 0.671797861028749 0.8062311264505065 0.9080227287086623 1.02259201266728 1.0825518075209561 1.162289538258763 1.2954693131494301 1.476325108189453
150 1500 -0.44533868054777304 -0.13537211948791017 0.09533344431990692 0.3900618278538725 0.5254972083101702 0.6096884740588485 0.671797861028749 0.8062311264505065 0.9080227287086623 1.02259201266728 1.0825518075209561 1.162289538258763 1.2954693131494301 1.476325108189453
151 1510 -0.45124980838102874 -0.13074926434817974 0.11620507987369488 0.36043377676505606 0.5473208988320091 0.6033271771726878 0.6795576619827229 0.8284086751408255 0.8886485529376835 0.9955137289627624 1.1108409735403835 1.15589306355014 1.2728450670259974 1.4891077057335658
152 1520 -0.464015476724705 -0.14520087742341364 0.10723489449929507 0.3718030485998472 0.5473208988320091 0.6033271771726878 0.6795576619827229 0.8284086751408255 0.8886485529376835 0.9955137289627624 1.1108409735403835 1.15589306355014 1.2728450670259974 1.4891077057335658
153 1530 -0.4841010943563953 -0.14091550496775523 0.10778979174210651 0.32074917188299246 0.5473208988320091 0.6033271771726878 0.6795576619827229 0.8284086751408255 0.8886485529376835 0.9955137289627624 1.1108409735403835 1.15589306355014 1.2728450670259974 1.4891077057335658
154 1540 -0.4933020025425751 -0.11954407684068057 0.12558433865278784 0.31963820607251475 0.5473208988320091 0.6033271771726878 0.6795576619827229 0.8284086751408255 0.8886485529376835 0.9955137289627624 1.1108409735403835 1.15589306355014 1.2728450670259974 1.4891077057335658
155 1550 -0.49539660477847686 -0.10910528577153639 0.11264356883446386 0.3062246200107242 0.5473208988320091 0.6033271771726878 0.6795576619827229 0.8284086751408255 0.8886485529376835 0.9955137289627624 1.1108409735403835 1.15589306355014 1.2728450670259974 1.4891077057335658
156 1560 -0.4894165921992793 -0.11117859908949931 0.12274582485012274 0.34462306184930513 0.5473208988320091 0.6033271771726878 0.6795576619827229 0.8284086751408255 0.8886485529376835 0.9955137289627624 1.1108409735403835 1.15589306355014 1.2728450670259974 1.4891077057335658
157 1570 -0.4643071554439924 -0.09803625525845391 0.1043207490137765 0.3447673241182162 0.5473208988320091 0.6033271771726878 0.6795576619827229 0.8284086751408255 0.8886485529376835 0.9955137289627624 1.1108409735403835 1.15589306355014 1.2728450670259974 1.4891077057335658
158 1580 -0.3937367527203344 -0.08674536487981968 0.10010817163789121 0.40187527719118743 0.5473208988320091 0.6033271771726878 0.6795576619827229 0.8284086751408255 0.8886485529376835 0.9955137289627624 1.1108409735403835 1.15589306355014 1.2728450670259974 1.4891077057335658
159 1590 -0.40177894189536584 -0.09223358862802572 0.11916137100810383 0.3827244189880721 0.5473208988320091 0.6033271771726878 0.6795576619827229 0.8284086751408255 0.8886485529376835 0.9955137289627624 1.1108409735403835 1.15589306355014 1.2728450670259974 1.4891077057335658
160 1600 -0.4350040113122596 -0.07210167660374575 0.10708731040207842 0.3725274101219874 0.5473208988320091 0.6033271771726878 0.6795576619827229 0.8284086751408255 0.8886485529376835 0.9955137289627624 1.1108409735403835 1.15589306355014 1.2728450670259974 1.4891077057335658
161 1610 -0.40078498947302776 -0.09601270395398731 0.09823646991898909 0.3721666286545003 0.5448049102768789 0.6181136700322186 0.7961456963727305 0.818408546716173 0.9574963701590945 1.0037987439183371 1.0654229006770983 1.1358898819099408 1.3463870132584599 1.3619624054000594
162 1620 -0.41669047267529385 -0.09411561681998393 0.10094315094719543 0.3800808756157299 0.5448049102768789 0.6181136700322186 0.7961456963727305 0.818408546716173 0.9574963701590945 1.0037987439183371 1.0654229006770983 1.1358898819099408 1.3463870132584599 1.3619624054000594
163 1630 -0.3963074958516418 -0.0944694512087815 0.0887493809602171 0.3724384213784598 0.5448049102768789 0.6181136700322186 0.7961456963727305 0.818408546716173 0.9574963701590945 1.0037987439183371 1.0654229006770983 1.1358898819099408 1.3463870132584599 1.3619624054000594
164 1640 -0.3984167082334782 -0.09686168322188962 0.09515172561994469 0.37723403525059485 0.5448049102768789 0.6181136700322186 0.7961456963727305 0.818408546716173 0.9574963701590945 1.0037987439183371 1.0654229006770983 1.1358898819099408 1.3463870132584599 1.3619624054000594
165 1650 -0.38260939356067125 -0.10172942273739358 0.06879063596789822 0.41168698066906023 0.5448049102768789 0.6181136700322186 0.7961456963727305 0.818408546716173 0.9574963701590945 1.0037987439183371 1.0654229006770983 1.1358898819099408 1.3463870132584599 1.3619624054000594
166 1660 -0.38024406434193814 -0.0963566583790718 0.08355602039944904 0.42109087954776814 0.5448049102768789 0.6181136700322186 0.7961456963727305 0.818408546716173 0.9574963701590945 1.0037987439183371 1.0654229006770983 1.1358898819099408 1.3463870132584599 1.3619624054000594
167 1670 -0.378778132945304 -0.11159239327777364 0.09014074618337463 0.4205348721041805 0.5448049102768789 0.6181136700322186 0.7961456963727305 0.818408546716173 0.9574963701590945 1.0037987439183371 1.0654229006770983 1.1358898819099408 1.3463870132584599 1.3619624054000594
168 1680 -0.39405877933931216 -0.11357528399427679 0.09514655070341496 0.43604566338122264 0.5448049102768789 0.6181136700322186 0.7961456963727305 0.818408546716173 0.9574963701590945 1.0037987439183371 1.0654229006770983 1.1358898819099408 1.3463870132584599 1.3619624054000594
169 1690 -0.3940553505597849 -0.0968010532862923 0.11415757569166021 0.45712322713390535 0.5448049102768789 0.6181136700322186 0.7961456963727305 0.818408546716173 0.9574963701590945 1.0037987439183371 1.0654229006770983 1.1358898819099408 1.3463870132584599 1.3619624054000594
170 1700 -0.3782293846020523 -0.10082321266413641 0.117725584968251 0.4791194152175257 0.5448049102768789 0.6181136700322186 0.7961456963727305 0.818408546716173 0.9574963701590945 1.0037987439183371 1.0654229006770983 1.1358898819099408 1.3463870132584599 1.3619624054000594
171 1710 -0.38540661532382003 -0.10816621670053661 0.1250368536347152 0.48919111404005833 0.5564744560007725 0.686438248890709 0.7582447836096547 0.860286034720224 0.9570402568530149 1.0041988105954411 1.0736195967485975 1.1148163967678346 1.2215682600842495 1.446397781166618
172 1720 -0.39007715384167685 -0.10184790005114894 0.11548703981694836 0.47411853046374647 0.5564744560007725 0.686438248890709 0.7582447836096547 0.860286034720224 0.9570402568530149 1.0041988105954411 1.0736195967485975 1.1148163967678346 1.2215682600842495 1.446397781166618
173 1730 -0.40883892177567493 -0.10256051604201824 0.11347132409083638 0.45773485536269637 0.5564744560007725 0.686438248890709 0.7582447836096547 0.860286034720224 0.9570402568530149 1.0041988105954411 1.0736195967485975 1.1148163967678346 1.2215682600842495 1.446397781166618
174 1740 -0.362323228109314 -0.11860934672527504 0.11169708168599911 0.43114458531627026 0.5564744560007725 0.686438248890709 0.7582447836096547 0.860286034720224 0.9570402568530149 1.0041988105954411 1.0736195967485975 1.1148163967678346 1.2215682600842495 1.446397781166618
175 1750 -0.35677415144809893 -0.12126496430244484 0.10679583296739825 0.40222769157532307 0.5564744560007725 0.686438248890709 0.7582447836096547 0.860286034720224 0.9570402568530149 1.0041988105954411 1.0736195967485975 1.1148163967678346 1.2215682600842495 1.446397781166618
176 1760 -0.3652313822141929 -0.13226177526309535 0.13619420663857276 0.3813786555840263 0.5564744560007725 0.686438248890709 0.7582447836096547 0.860286034720224 0.9570402568530149 1.0041988105954411 1.0736195967485975 1.1148163967678346 1.2215682600842495 1.446397781166618
177 1770 -0.34491180873659094 -0.12043652246247183 0.12765150563675753 0.3567998866859365 0.5564744560007725 0.686438248890709 0.7582447836096547 0.860286034720224 0.9570402568530149 1.0041988105954411 1.0736195967485975 1.1148163967678346 1.2215682600842495 1.446397781166618
178 1780 -0.3501570229963513 -0.13213067766088335 0.13331570117034805 0.3466604802520001 0.5564744560007725 0.686438248890709 0.7582447836096547 0.860286034720224 0.9570402568530149 1.0041988105954411 1.0736195967485975 1.1148163967678346 1.2215682600842495 1.446397781166618
179 1790 -0.3483624982210155 -0.17245776238323995 0.1292926817281313 0.32699795385828917 0.5564744560007725 0.686438248890709 0.7582447836096547 0.860286034720224 0.9570402568530149 1.0041988105954411 1.0736195967485975 1.1148163967678346 1.2215682600842495 1.446397781166618
180 1800 -0.33436771738808735 -0.13720183077362075 0.13752881810434 0.33535614035646155 0.5564744560007725 0.686438248890709 0.7582447836096547 0.860286034720224 0.9570402568530149 1.0041988105954411 1.0736195967485975 1.1148163967678346 1.2215682600842495 1.446397781166618
181 1810 -0.3433280039893692 -0.16935948050178573 0.12712075315612764 0.3701634249433282 0.5318065296167381 0.6553822198117247 0.7373131094342915 0.8111711690639524 0.9093684482017366 1.023662088752439 1.0740123269032487 1.132057150995418 1.2723407326421277 1.4687698309174506
182 1820 -0.37353540945256636 -0.17182861712480346 0.16443262859343066 0.37003439375943326 0.5318065296167381 0.6553822198117247 0.7373131094342915 0.8111711690639524 0.9093684482017366 1.023662088752439 1.0740123269032487 1.132057150995418 1.2723407326421277 1.4687698309174506
183 1830 -0.3858412817712646 -0.17987628674110562 0.15842315277313523 0.3655198439078453 0.5318065296167381 0.6553822198117247 0.7373131094342915 0.8111711690639524 0.9093684482017366 1.023662088752439 1.0740123269032487 1.132057150995418 1.2723407326421277 1.4687698309174506
184 1840 -0.3730239407891071 -0.1626558361346299 0.15002419603133826 0.330134116728266 0.5318065296167381 0.6553822198117247 0.7373131094342915 0.8111711690639524 0.9093684482017366 1.023662088752439 1.0740123269032487 1.132057150995418 1.2723407326421277 1.4687698309174506
185 1850 -0.3717577545401459 -0.14338458449399866 0.14810624702003378 0.32927842271551383 0.5318065296167381 0.6553822198117247 0.7373131094342915 0.8111711690639524 0.9093684482017366 1.023662088752439 1.0740123269032487 1.132057150995418 1.2723407326421277 1.4687698309174506
186 1860 -0.3896193866445379 -0.15324770289078649 0.1390594697272416 0.33123572758231146 0.5318065296167381 0.6553822198117247 0.7373131094342915 0.8111711690639524 0.9093684482017366 1.023662088752439 1.0740123269032487 1.132057150995418 1.2723407326421277 1.4687698309174506
187 1870 -0.37918114692191834 -0.16184988421441593 0.1440900886795804 0.3264744518228964 0.5318065296167381 0.6553822198117247 0.7373131094342915 0.8111711690639524 0.9093684482017366 1.023662088752439 1.0740123269032487 1.132057150995418 1.2723407326421277 1.4687698309174506
188 1880 -0.3624097469147189 -0.13855045842612015 0.11702451433134298 0.2951359882423405 0.5318065296167381 0.6553822198117247 0.7373131094342915 0.8111711690639524 0.9093684482017366 1.023662088752439 1.0740123269032487 1.132057150995418 1.2723407326421277 1.4687698309174506
189 1890 -0.3491277634322382 -0.13893143877815795 0.13016834239356992 0.3399956501341361 0.5318065296167381 0.6553822198117247 0.7373131094342915 0.8111711690639524 0.9093684482017366 1.023662088752439 1.0740123269032487 1.132057150995418 1.2723407326421277 1.4687698309174506
190 1900 -0.3475018631095846 -0.13329434287884742 0.13130128920133025 0.33916630981874757 0.5318065296167381 0.6553822198117247 0.7373131094342915 0.8111711690639524 0.9093684482017366 1.023662088752439 1.0740123269032487 1.132057150995418 1.2723407326421277 1.4687698309174506
191 1910 -0.3614817924498085 -0.14721784633216742 0.14936757691057076 0.35167249660037414 0.5957099581263677 0.6997004099474449 0.7283685675290629 0.827276880981207 0.8961769184984978 0.9545667784438249 1.037065047956508 1.1490521131033524 1.293837504479369 1.4684924957460035
192 1920 -0.3707704574607393 -0.12740376229202488 0.12231780095083403 0.3275485879261264 0.5957099581263677 0.6997004099474449 0.7283685675290629 0.827276880981207 0.8961769184984978 0.9545667784438249 1.037065047956508 1.1490521131033524 1.293837504479369 1.4684924957460035
193 1930 -0.40806703823443774 -0.10573956352412767 0.10277160992978902 0.3221394857498724 0.5957099581263677 0.6997004099474449 0.7283685675290629 0.827276880981207 0.8961769184984978 0.9545667784438249 1.037065047956508 1.1490521131033524 1.293837504479369 1.4684924957460035
194 1940 -0.4569587625098944 -0.10712509062331968 0.08414220341169229 0.38081569226048 0.5957099581263677 0.6997004099474449 0.7283685675290629 0.827276880981207 0.8961769184984978 0.9545667784438249 1.037065047956508 1.1490521131033524 1.293837504479369 1.4684924957460035
195 1950 -0.4727112481722003 -0.11323464013482143 0.09913276902558017 0.4084249935630351 0.5957099581263677 0.6997004099474449 0.7283685675290629 0.827276880981207 0.8961769184984978 0.9545667784438249 1.037065047956508 1.1490521131033524 1.293837504479369 1.4684924957460035
196 1960 -0.49160202464909303 -0.12325827656157706 0.07131267283946086 0.4377434336639736 0.5957099581263677 0.6997004099474449 0.7283685675290629 0.827276880981207 0.8961769184984978 0.9545667784438249 1.037065047956508 1.1490521131033524 1.293837504479369 1.4684924957460035
197 1970 -0.4860799869412639 -0.1182023573861601 0.09412907474860596 0.42791810983778916 0.5957099581263677 0.6997004099474449 0.7283685675290629 0.827276880981207 0.8961769184984978 0.9545667784438249 1.037065047956508 1.1490521131033524 1.293837504479369 1.4684924957460035
198 1980 -0.48252061713906125 -0.12684733756367644 0.10009090100293594 0.4291859579635972 0.5957099581263677 0.6997004099474449 0.7283685675290629 0.827276880981207 0.8961769184984978 0.9545667784438249 1.037065047956508 1.1490521131033524 1.293837504479369 1.4684924957460035
199 1990 -0.5116815598173196 -0.1307077122504564 0.11083198360769853 0.4265514430450503 0.5957099581263677 0.6997004099474449 0.7283685675290629 0.827276880981207 0.8961769184984978 0.9545667784438249 1.037065047956508 1.1490521131033524 1.293837504479369 1.4684924957460035
200 2000 -0.5319915961636558 -0.1280335600406849 0.12359199911595647 0.43935842672093356 0.5957099581263677 0.6997004099474449 0.7283685675290629 0.827276880981207 0.8961769184984978 0.9545667784438249 1.037065047956508 1.1490521131033524 1.293837504479369 1.4684924957460035
201 2010 -0.5369459612105002 -0.14427849944726737 0.11065624733762446 0.43064586927047643 0.5633800729642485 0.6320268903957998 0.6592676144272135 0.8408737138303302 0.8688052484855364 0.9255973815016086 1.042197288523199 1.2134061403518106 1.309606626532317 1.5020952948516493
202 2020 -0.5369233675611016 -0.1548510423884268 0.12041818989860807 0.45514961190742503 0.5633800729642485 0.6320268903957998 0.6592676144272135 0.8408737138303302 0.8688052484855364 0.9255973815016086 1.042197288523199 1.2134061403518106 1.309606626532317 1.5020952948516493
203 2030 -0.5550751931908348 -0.1470898920815732 0.10066457878501255 0.47497705675516855 0.5633800729642485 0.6320268903957998 0.6592676144272135 0.8408737138303302 0.8688052484855364 0.9255973815016086 1.042197288523199 1.2134061403518106 1.309606626532317 1.5020952948516493
204 2040 -0.5783636437342681 -0.16180255161511148 0.11365480106439445 0.4769403172490386 0.5633800729642485 0.6320268903957998 0.6592676144272135 0.8408737138303302 0.8688052484855364 0.9255973815016086 1.042197288523199 1.2134061403518106 1.309606626532317 1.5020952948516493
205 2050 -0.5804395594010479 -0.15414126355869245 0.12028928812165264 0.46504026605277643 0.5633800729642485 0.6320268903957998 0.6592676144272135 0.8408737138303302 0.8688052484855364 0.9255973815016086 1.042197288523199 1.2134061403518106 1.309606626532317 1.5020952948516493
206 2060 -0.5680210628427086 -0.13426182191176878 0.12725763381286231 0.46013804992188373 0.5633800729642485 0.6320268903957998 0.6592676144272135 0.8408737138303302 0.8688052484855364 0.9255973815016086 1.042197288523199 1.2134061403518106 1.309606626532317 1.5020952948516493
207 2070 -0.5528938664148421 -0.13851061717398455 0.12637668183271844 0.4388308536519786 0.5633800729642485 0.6320268903957998 0.6592676144272135 0.8408737138303302 0.8688052484855364 0.9255973815016086 1.042197288523199 1.2134061403518106 1.309606626532317 1.5020952948516493
208 2080 -0.5714280481923795 -0.14728358583701262 0.1525333795139521 0.4212643909402654 0.5633800729642485 0.6320268903957998 0.6592676144272135 0.8408737138303302 0.8688052484855364 0.9255973815016086 1.042197288523199 1.2134061403518106 1.309606626532317 1.5020952948516493
209 2090 -0.5554409762437745 -0.15574052442305425 0.1544918994716753 0.4381652535153413 0.5633800729642485 0.6320268903957998 0.6592676144272135 0.8408737138303302 0.8688052484855364 0.9255973815016086 1.042197288523199 1.2134061403518106 1.309606626532317 1.5020952948516493
210 2100 -0.5803754479097659 -0.1705312691721433 0.14745551005087193 0.4450924165271034 0.5633800729642485 0.6320268903957998 0.6592676144272135 0.8408737138303302 0.8688052484855364 0.9255973815016086 1.042197288523199 1.2134061403518106 1.309606626532317 1.5020952948516493
211 2110 -0.6104506499729565 -0.18197792195480741 0.1498174788718634 0.439211975030443 0.5119294511254022 0.6090409715792605 0.6439132778607596 0.7237575565288922 0.815641507605363 0.9547691138411998 1.0350007982111549 1.211872490031615 1.2702475850729011 1.642651022134532
212 2120 -0.5877746333209499 -0.1887720132737902 0.15091354182527641 0.45740239155103035 0.5119294511254022 0.6090409715792605 0.6439132778607596 0.7237575565288922 0.815641507605363 0.9547691138411998 1.0350007982111549 1.211872490031615 1.2702475850729011 1.642651022134532
213 2130 -0.5842782925476698 -0.18985561752653915 0.1704754545259674 0.4640507222212956 0.5119294511254022 0.6090409715792605 0.6439132778607596 0.7237575565288922 0.815641507605363 0.9547691138411998 1.0350007982111549 1.211872490031615 1.2702475850729011 1.642651022134532
214 2140 -0.5787868908791841 -0.1966527107124426 0.1915951891335213 0.4882474199533287 0.5119294511254022 0.6090409715792605 0.6439132778607596 0.7237575565288922 0.815641507605363 0.9547691138411998 1.0350007982111549 1.211872490031615 1.2702475850729011 1.642651022134532
215 2150 -0.5771441803502861 -0.18146416501433466 0.20089514586612103 0.4805852815234968 0.5119294511254022 0.6090409715792605 0.6439132778607596 0.7237575565288922 0.815641507605363 0.9547691138411998 1.0350007982111549 1.211872490031615 1.2702475850729011 1.642651022134532
216 2160 -0.5783452996409111 -0.1761784211422855 0.20915110210153975 0.465619968805273 0.5119294511254022 0.6090409715792605 0.6439132778607596 0.7237575565288922 0.815641507605363 0.9547691138411998 1.0350007982111549 1.211872490031615 1.2702475850729011 1.642651022134532
217 2170 -0.5869198482501998 -0.1634469736281987 0.21623723377083726 0.4826724149510802 0.5119294511254022 0.6090409715792605 0.6439132778607596 0.7237575565288922 0.815641507605363 0.9547691138411998 1.0350007982111549 1.211872490031615 1.2702475850729011 1.642651022134532
218 2180 -0.5659844242306424 -0.14456969769379646 0.2140948117091686 0.5106972321278318 0.5119294511254022 0.6090409715792605 0.6439132778607596 0.7237575565288922 0.815641507605363 0.9547691138411998 1.0350007982111549 1.211872490031615 1.2702475850729011 1.642651022134532
219 2190 -0.5687716785988925 -0.134336515637409 0.22056843497183368 0.5014685588758604 0.5119294511254022 0.6090409715792605 0.6439132778607596 0.7237575565288922 0.815641507605363 0.9547691138411998 1.0350007982111549 1.211872490031615 1.2702475850729011 1.642651022134532
220 2200 -0.5700654723411231 -0.15016278289927046 0.21605084380169176 0.5516865853010888 0.5119294511254022 0.6090409715792605 0.6439132778607596 0.7237575565288922 0.815641507605363 0.9547691138411998 1.0350007982111549 1.211872490031615 1.2702475850729011 1.642651022134532
221 2210 -0.5527498525227095 -0.14910053121959224 0.18955394869975528 0.5780104348284496 0.5412088721582603 0.5740821156268999 0.6105604345893831 0.6505767076663309 0.8702987789949721 0.9452124695385021 1.035596561447207 1.1867242247371632 1.3557329179339594 1.61612364584222
222 2220 -0.5772053186445366 -0.1435017936578068 0.21022962521848138 0.5835486765028393 0.5412088721582603 0.5740821156268999 0.6105604345893831 0.6505767076663309 0.8702987789949721 0.9452124695385021 1.035596561447207 1.1867242247371632 1.3557329179339594 1.61612364584222
223 2230 -0.5822209953401065 -0.1383841035338266 0.20821133820856635 0.584712490571251 0.5412088721582603 0.5740821156268999 0.6105604345893831 0.6505767076663309 0.8702987789949721 0.9452124695385021 1.035596561447207 1.1867242247371632 1.3557329179339594 1.61612364584222
224 2240 -0.5676164363036806 -0.1073484807510464 0.19184879588845022 0.5705689698217884 0.5412088721582603 0.5740821156268999 0.6105604345893831 0.6505767076663309 0.8702987789949721 0.9452124695385021 1.035596561447207 1.1867242247371632 1.3557329179339594 1.61612364584222
225 2250 -0.5621931636517897 -0.09995104772936933 0.18649458027864382 0.6128946593266448 0.5412088721582603 0.5740821156268999 0.6105604345893831 0.6505767076663309 0.8702987789949721 0.9452124695385021 1.035596561447207 1.1867242247371632 1.3557329179339594 1.61612364584222
226 2260 -0.5775077911744831 -0.10342560540895315 0.17698235974388885 0.6333208584437034 0.5412088721582603 0.5740821156268999 0.6105604345893831 0.6505767076663309 0.8702987789949721 0.9452124695385021 1.035596561447207 1.1867242247371632 1.3557329179339594 1.61612364584222
227 2270 -0.5686810169124397 -0.10918024468897702 0.19056101238095355 0.6493190310581171 0.5412088721582603 0.5740821156268999 0.6105604345893831 0.6505767076663309 0.8702987789949721 0.9452124695385021 1.035596561447207 1.1867242247371632 1.3557329179339594 1.61612364584222
228 2280 -0.5627334816801101 -0.11877247825998719 0.2203717937405224 0.6631118414862298 0.5412088721582603 0.5740821156268999 0.6105604345893831 0.6505767076663309 0.8702987789949721 0.9452124695385021 1.035596561447207 1.1867242247371632 1.3557329179339594 1.61612364584222
229 2290 -0.5320834609187926 -0.09365924648499091 0.1998899852220711 0.661746871926075 0.5412088721582603 0.5740821156268999 0.6105604345893831 0.6505767076663309 0.8702987789949721 0.9452124695385021 1.035596561447207 1.1867242247371632 1.3557329179339594 1.61612364584222
230 2300 -0.5534749994822862 -0.09181958011952394 0.19632824717503755 0.6525974228679582 0.5412088721582603 0.5740821156268999 0.6105604345893831 0.6505767076663309 0.8702987789949721 0.9452124695385021 1.035596561447207 1.1867242247371632 1.3557329179339594 1.61612364584222
231 2310 -0.5505009399330861 -0.08221051166411711 0.21223784876090623 0.6441911150141462 0.48328249050324573 0.51923043391608 0.6458173555542732 0.7000794038714304 0.9014421445442415 0.9186519917092536 1.0609226325553172 1.203487433353365 1.3789046669817624 1.5677404840867788
232 2320 -0.5162279831221677 -0.0899627560930212 0.2183007729693099 0.6884652182118582 0.48328249050324573 0.51923043391608 0.6458173555542732 0.7000794038714304 0.9014421445442415 0.9186519917092536 1.0609226325553172 1.203487433353365 1.3789046669817624 1.5677404840867788
233 2330 -0.5427389563827363 -0.09494314017793955 0.21269591456419873 0.6893500376324844 0.48328249050324573 0.51923043391608 0.6458173555542732 0.7000794038714304 0.9014421445442415 0.9186519917092536 1.0609226325553172 1.203487433353365 1.3789046669817624 1.5677404840867788
234 2340 -0.5419991631303196 -0.11058724763447887 0.19786287724198418 0.7041151749213308 0.48328249050324573 0.51923043391608 0.6458173555542732 0.7000794038714304 0.9014421445442415 0.9186519917092536 1.0609226325553172 1.203487433353365 1.3789046669817624 1.5677404840867788
235 2350 -0.5301467000986628 -0.12496711171990384 0.19174190846806535 0.7057371133041312 0.48328249050324573 0.51923043391608 0.6458173555542732 0.7000794038714304 0.9014421445442415 0.9186519917092536 1.0609226325553172 1.203487433353365 1.3789046669817624 1.5677404840867788
236 2360 -0.5304929138796359 -0.13403717733038692 0.1852124601920509 0.7010054678357681 0.48328249050324573 0.51923043391608 0.6458173555542732 0.7000794038714304 0.9014421445442415 0.9186519917092536 1.0609226325553172 1.203487433353365 1.3789046669817624 1.5677404840867788
237 2370 -0.5208978418082909 -0.12073829592104418 0.20089551617258072 0.7071957215828245 0.48328249050324573 0.51923043391608 0.6458173555542732 0.7000794038714304 0.9014421445442415 0.9186519917092536 1.0609226325553172 1.203487433353365 1.3789046669817624 1.5677404840867788
238 2380 -0.5226305362873684 -0.12432501851898237 0.18040583471774901 0.7197812377839774 0.48328249050324573 0.51923043391608 0.6458173555542732 0.7000794038714304 0.9014421445442415 0.9186519917092536 1.0609226325553172 1.203487433353365 1.3789046669817624 1.5677404840867788
239 2390 -0.5270425964029878 -0.11867813094645543 0.19189236941097493 0.7195204960245086 0.48328249050324573 0.51923043391608 0.6458173555542732 0.7000794038714304 0.9014421445442415 0.9186519917092536 1.0609226325553172 1.203487433353365 1.3789046669817624 1.5677404840867788
240 2400 -0.5389807602938556 -0.13834666805923673 0.17850069734342275 0.7157408152360556 0.48328249050324573 0.51923043391608 0.6458173555542732 0.7000794038714304 0.9014421445442415 0.9186519917092536 1.0609226325553172 1.203487433353365 1.3789046669817624 1.5677404840867788
241 2410 -0.5210384328527498 -0.14862503061902718 0.19339575835544515 0.6986873050119394 0.47147238790257306 0.490089305032193 0.5636792672715631 0.6938071969047196 0.9123894541637305 0.9353809625640377 1.0697135684765473 1.2362665071986787 1.3744324890795263 1.5714085382458973
242 2420 -0.5242810660549984 -0.1456731629408171 0.21129231453940017 0.7044117544244524 0.47147238790257306 0.490089305032193 0.5636792672715631 0.6938071969047196 0.9123894541637305 0.9353809625640377 1.0697135684765473 1.2362665071986787 1.3744324890795263 1.5714085382458973
243 2430 -0.5081091097140044 -0.14949104292658 0.19423043175081897 0.7054082532274313 0.47147238790257306 0.490089305032193 0.5636792672715631 0.6938071969047196 0.9123894541637305 0.9353809625640377 1.0697135684765473 1.2362665071986787 1.3744324890795263 1.5714085382458973
244 2440 -0.5033723090623025 -0.1644576051776288 0.175785432325409 0.7298433722565829 0.47147238790257306 0.490089305032193 0.5636792672715631 0.6938071969047196 0.9123894541637305 0.9353809625640377 1.0697135684765473 1.2362665071986787 1.3744324890795263 1.5714085382458973
245 2450 -0.4828508707656867 -0.18279662936239469 0.1738513606509842 0.7206574488855815 0.47147238790257306 0.490089305032193 0.5636792672715631 0.6938071969047196 0.9123894541637305 0.9353809625640377 1.0697135684765473 1.2362665071986787 1.3744324890795263 1.5714085382458973
246 2460 -0.48813067297402485 -0.16348599582950496 0.16639495594992104 0.7379988828856019 0.47147238790257306 0.490089305032193 0.5636792672715631 0.6938071969047196 0.9123894541637305 0.9353809625640377 1.0697135684765473 1.2362665071986787 1.3744324890795263 1.5714085382458973
247 2470 -0.504561287937149 -0.1676351825937859 0.15210711651664224 0.7308890014516611 0.47147238790257306 0.490089305032193 0.5636792672715631 0.6938071969047196 0.9123894541637305 0.9353809625640377 1.0697135684765473 1.2362665071986787 1.3744324890795263 1.5714085382458973
248 2480 -0.48632140683436814 -0.1712297542212053 0.15394909495493125 0.7145673441547906 0.47147238790257306 0.490089305032193 0.5636792672715631 0.6938071969047196 0.9123894541637305 0.9353809625640377 1.0697135684765473 1.2362665071986787 1.3744324890795263 1.5714085382458973
249 2490 -0.5052801701293935 -0.17067009650556048 0.1730122313620407 0.7160781162653319 0.47147238790257306 0.490089305032193 0.5636792672715631 0.6938071969047196 0.9123894541637305 0.9353809625640377 1.0697135684765473 1.2362665071986787 1.3744324890795263 1.5714085382458973
250 2500 -0.49891918044326294 -0.17206307107478577 0.15744226768181951 0.7251984056656048 0.47147238790257306 0.490089305032193 0.5636792672715631 0.6938071969047196 0.9123894541637305 0.9353809625640377 1.0697135684765473 1.2362665071986787 1.3744324890795263 1.5714085382458973
251 2510 -0.5103431027588504 -0.17616884946361977 0.16407321945462863 0.7065354780725446 0.4435616949909381 0.48671609931244697 0.5278405131336904 0.7190971202755211 0.8178875626479385 0.9314338426807952 1.1142810074650882 1.3136201019931222 1.3638693367383272 1.551378617112818
252 2520 -0.5076114366686313 -0.18933147627083954 0.1571661958608505 0.6980977352501447 0.4435616949909381 0.48671609931244697 0.5278405131336904 0.7190971202755211 0.8178875626479385 0.9314338426807952 1.1142810074650882 1.3136201019931222 1.3638693367383272 1.551378617112818
253 2530 -0.4939170615501537 -0.1786151126978249 0.14902468895208246 0.6976254441831333 0.4435616949909381 0.48671609931244697 0.5278405131336904 0.7190971202755211 0.8178875626479385 0.9314338426807952 1.1142810074650882 1.3136201019931222 1.3638693367383272 1.551378617112818
254 2540 -0.4890271628884764 -0.17146763577840024 0.14002337517830626 0.6971111599699191 0.4435616949909381 0.48671609931244697 0.5278405131336904 0.7190971202755211 0.8178875626479385 0.9314338426807952 1.1142810074650882 1.3136201019931222 1.3638693367383272 1.551378617112818
255 2550 -0.5025063602912767 -0.1580385045049404 0.15243986912936264 0.6852132477121822 0.4435616949909381 0.48671609931244697 0.5278405131336904 0.7190971202755211 0.8178875626479385 0.9314338426807952 1.1142810074650882 1.3136201019931222 1.3638693367383272 1.551378617112818
256 2560 -0.5021392568044121 -0.15561951247854078 0.15454435275835715 0.6816394646284347 0.4435616949909381 0.48671609931244697 0.5278405131336904 0.7190971202755211 0.8178875626479385 0.9314338426807952 1.1142810074650882 1.3136201019931222 1.3638693367383272 1.551378617112818
257 2570 -0.5180200602234476 -0.17473310181422635 0.14456231362699448 0.6692626294097311 0.4435616949909381 0.48671609931244697 0.5278405131336904 0.7190971202755211 0.8178875626479385 0.9314338426807952 1.1142810074650882 1.3136201019931222 1.3638693367383272 1.551378617112818
258 2580 -0.5422257259168062 -0.15031998844087002 0.1360248816528327 0.6801640442829303 0.4435616949909381 0.48671609931244697 0.5278405131336904 0.7190971202755211 0.8178875626479385 0.9314338426807952 1.1142810074650882 1.3136201019931222 1.3638693367383272 1.551378617112818
259 2590 -0.553878068065782 -0.154328694843548 0.15576009601573512 0.6672907426963246 0.4435616949909381 0.48671609931244697 0.5278405131336904 0.7190971202755211 0.8178875626479385 0.9314338426807952 1.1142810074650882 1.3136201019931222 1.3638693367383272 1.551378617112818
260 2600 -0.5370474168954323 -0.15538499534859873 0.1564541680158145 0.6829552155653824 0.4435616949909381 0.48671609931244697 0.5278405131336904 0.7190971202755211 0.8178875626479385 0.9314338426807952 1.1142810074650882 1.3136201019931222 1.3638693367383272 1.551378617112818
261 2610 -0.5396957353512823 -0.13863551900732127 0.15982299628686078 0.6894020571985646 0.41023224458881646 0.4475146326101007 0.5447037649733608 0.7417044049848014 0.8330956991702767 0.9859886565147551 1.1248635969522292 1.2480094392541987 1.3468507339890272 1.5752897817655664
262 2620 -0.550835111549235 -0.14773454260473776 0.1341358634615924 0.6920801747568761 0.41023224458881646 0.4475146326101007 0.5447037649733608 0.7417044049848014 0.8330956991702767 0.9859886565147551 1.1248635969522292 1.2480094392541987 1.3468507339890272 1.5752897817655664
263 2630 -0.5897824227045472 -0.15785335745968204 0.1529882532078708 0.6978736236088163 0.41023224458881646 0.4475146326101007 0.5447037649733608 0.7417044049848014 0.8330956991702767 0.9859886565147551 1.1248635969522292 1.2480094392541987 1.3468507339890272 1.5752897817655664
264 2640 -0.5899248634501626 -0.15423187854794984 0.17346718629808638 0.7102679876532199 0.41023224458881646 0.4475146326101007 0.5447037649733608 0.7417044049848014 0.8330956991702767 0.9859886565147551 1.1248635969522292 1.2480094392541987 1.3468507339890272 1.5752897817655664
265 2650 -0.5825512611737756 -0.15163170435872764 0.16553728816819813 0.7293274505797067 0.41023224458881646 0.4475146326101007 0.5447037649733608 0.7417044049848014 0.8330956991702767 0.9859886565147551 1.1248635969522292 1.2480094392541987 1.3468507339890272 1.5752897817655664
266 2660 -0.5673831261450409 -0.15432372224387142 0.16707493538177953 0.7290417772472902 0.41023224458881646 0.4475146326101007 0.5447037649733608 0.7417044049848014 0.8330956991702767 0.9859886565147551 1.1248635969522292 1.2480094392541987 1.3468507339890272 1.5752897817655664
267 2670 -0.5874438175059805 -0.1684027405568614 0.17461051963444613 0.7433368529991863 0.41023224458881646 0.4475146326101007 0.5447037649733608 0.7417044049848014 0.8330956991702767 0.9859886565147551 1.1248635969522292 1.2480094392541987 1.3468507339890272 1.5752897817655664
268 2680 -0.5919353619168445 -0.1905384722321411 0.18127626330436394 0.7724455867504549 0.41023224458881646 0.4475146326101007 0.5447037649733608 0.7417044049848014 0.8330956991702767 0.9859886565147551 1.1248635969522292 1.2480094392541987 1.3468507339890272 1.5752897817655664
269 2690 -0.5936815454744495 -0.1857948002787646 0.16992293225802513 0.7876196192475889 0.41023224458881646 0.4475146326101007 0.5447037649733608 0.7417044049848014 0.8330956991702767 0.9859886565147551 1.1248635969522292 1.2480094392541987 1.3468507339890272 1.5752897817655664
270 2700 -0.5874815117264065 -0.1694237726251986 0.1749292375933426 0.7802838235383918 0.41023224458881646 0.4475146326101007 0.5447037649733608 0.7417044049848014 0.8330956991702767 0.9859886565147551 1.1248635969522292 1.2480094392541987 1.3468507339890272 1.5752897817655664
271 2710 -0.5769427158060428 -0.16927305580194127 0.1507678527208421 0.7864946460222159 0.3756341909848969 0.41823787898999387 0.52797535121562 0.7446667581204953 0.8580750584776328 0.9549307665842637 1.0748022562427928 1.2541025010354496 1.3371145633725352 1.63910206373448
272 2720 -0.5748666760306523 -0.16477342440577125 0.14163447770878157 0.8001259383009944 0.3756341909848969 0.41823787898999387 0.52797535121562 0.7446667581204953 0.8580750584776328 0.9549307665842637 1.0748022562427928 1.2541025010354496 1.3371145633725352 1.63910206373448
273 2730 -0.5814768677472334 -0.1527335845530274 0.14011566400189984 0.7927942036691445 0.3756341909848969 0.41823787898999387 0.52797535121562 0.7446667581204953 0.8580750584776328 0.9549307665842637 1.0748022562427928 1.2541025010354496 1.3371145633725352 1.63910206373448
274 2740 -0.5812808120822786 -0.16646914066941304 0.14086433991266592 0.7986365639576762 0.3756341909848969 0.41823787898999387 0.52797535121562 0.7446667581204953 0.8580750584776328 0.9549307665842637 1.0748022562427928 1.2541025010354496 1.3371145633725352 1.63910206373448
275 2750 -0.5456208349961854 -0.18719928436909905 0.13926339903105003 0.7942410461379598 0.3756341909848969 0.41823787898999387 0.52797535121562 0.7446667581204953 0.8580750584776328 0.9549307665842637 1.0748022562427928 1.2541025010354496 1.3371145633725352 1.63910206373448
276 2760 -0.49675887554757836 -0.17093181110085515 0.11822486580741429 0.7963572794346632 0.3756341909848969 0.41823787898999387 0.52797535121562 0.7446667581204953 0.8580750584776328 0.9549307665842637 1.0748022562427928 1.2541025010354496 1.3371145633725352 1.63910206373448
277 2770 -0.46272301197378624 -0.15917903265886896 0.110203472475254 0.7977989405210155 0.3756341909848969 0.41823787898999387 0.52797535121562 0.7446667581204953 0.8580750584776328 0.9549307665842637 1.0748022562427928 1.2541025010354496 1.3371145633725352 1.63910206373448
278 2780 -0.4517270921951803 -0.1566191379334536 0.12597986174335637 0.8024655643799687 0.3756341909848969 0.41823787898999387 0.52797535121562 0.7446667581204953 0.8580750584776328 0.9549307665842637 1.0748022562427928 1.2541025010354496 1.3371145633725352 1.63910206373448
279 2790 -0.4400156333864825 -0.15946176706524598 0.12119153247716269 0.8081436972392078 0.3756341909848969 0.41823787898999387 0.52797535121562 0.7446667581204953 0.8580750584776328 0.9549307665842637 1.0748022562427928 1.2541025010354496 1.3371145633725352 1.63910206373448
280 2800 -0.4629336240449019 -0.1616247775894392 0.11391102686952316 0.8197289307735736 0.3756341909848969 0.41823787898999387 0.52797535121562 0.7446667581204953 0.8580750584776328 0.9549307665842637 1.0748022562427928 1.2541025010354496 1.3371145633725352 1.63910206373448
281 2810 -0.4204020485825695 -0.15721320425167745 0.10571196688332757 0.8123956299180551 0.3458606954675012 0.4719902917434338 0.5893893395612742 0.7512575882221106 0.839606728486258 1.0050070086466276 1.0875864891408857 1.2750648539478133 1.343861685810373 1.5544324548557316
282 2820 -0.4036760994295249 -0.16446609529923073 0.10492712465646115 0.8099276853931449 0.3458606954675012 0.4719902917434338 0.5893893395612742 0.7512575882221106 0.839606728486258 1.0050070086466276 1.0875864891408857 1.2750648539478133 1.343861685810373 1.5544324548557316
283 2830 -0.3963415291025439 -0.17300384506884378 0.10571153251112748 0.8098611312443224 0.3458606954675012 0.4719902917434338 0.5893893395612742 0.7512575882221106 0.839606728486258 1.0050070086466276 1.0875864891408857 1.2750648539478133 1.343861685810373 1.5544324548557316
284 2840 -0.393400679204774 -0.17590017142086553 0.11350510959668035 0.7982237520188217 0.3458606954675012 0.4719902917434338 0.5893893395612742 0.7512575882221106 0.839606728486258 1.0050070086466276 1.0875864891408857 1.2750648539478133 1.343861685810373 1.5544324548557316
285 2850 -0.36997076201744283 -0.1697693132909046 0.09636640106682934 0.7980633068191034 0.3458606954675012 0.4719902917434338 0.5893893395612742 0.7512575882221106 0.839606728486258 1.0050070086466276 1.0875864891408857 1.2750648539478133 1.343861685810373 1.5544324548557316
286 2860 -0.36078669633848814 -0.16641428344934925 0.09414636327416095 0.7893841374180204 0.3458606954675012 0.4719902917434338 0.5893893395612742 0.7512575882221106 0.839606728486258 1.0050070086466276 1.0875864891408857 1.2750648539478133 1.343861685810373 1.5544324548557316
287 2870 -0.3734005443063917 -0.1541667459220086 0.09544411124125819 0.760178491749563 0.3458606954675012 0.4719902917434338 0.5893893395612742 0.7512575882221106 0.839606728486258 1.0050070086466276 1.0875864891408857 1.2750648539478133 1.343861685810373 1.5544324548557316
288 2880 -0.3634072239091668 -0.18610315300514896 0.1213740172076512 0.7463066211136284 0.3458606954675012 0.4719902917434338 0.5893893395612742 0.7512575882221106 0.839606728486258 1.0050070086466276 1.0875864891408857 1.2750648539478133 1.343861685810373 1.5544324548557316
289 2890 -0.3668077930980045 -0.19308353379627635 0.12555201954331816 0.7360822557819477 0.3458606954675012 0.4719902917434338 0.5893893395612742 0.7512575882221106 0.839606728486258 1.0050070086466276 1.0875864891408857 1.2750648539478133 1.343861685810373 1.5544324548557316
290 2900 -0.3666126002096489 -0.18016539074100443 0.12714265984376688 0.7320502661638086 0.3458606954675012 0.4719902917434338 0.5893893395612742 0.7512575882221106 0.839606728486258 1.0050070086466276 1.0875864891408857 1.2750648539478133 1.343861685810373 1.5544324548557316
291 2910 -0.35933357242787073 -0.17110987722855758 0.12868317513218047 0.713391916310549 0.392662761695394 0.5019225471404952 0.608832534106626 0.7757125800534824 0.8466535395304656 1.008724550413228 1.0466515848183724 1.2595433414037664 1.413094089572035 1.4860589965890285
292 2920 -0.3463424699325961 -0.17813269396934334 0.11266613026152798 0.7126025761602515 0.392662761695394 0.5019225471404952 0.608832534106626 0.7757125800534824 0.8466535395304656 1.008724550413228 1.0466515848183724 1.2595433414037664 1.413094089572035 1.4860589965890285
293 2930 -0.3480170729497738 -0.17695097364676737 0.12482792065890638 0.7194442395107368 0.392662761695394 0.5019225471404952 0.608832534106626 0.7757125800534824 0.8466535395304656 1.008724550413228 1.0466515848183724 1.2595433414037664 1.413094089572035 1.4860589965890285
294 2940 -0.3583611082335054 -0.1598437111544022 0.12334016841126927 0.7208069744085706 0.392662761695394 0.5019225471404952 0.608832534106626 0.7757125800534824 0.8466535395304656 1.008724550413228 1.0466515848183724 1.2595433414037664 1.413094089572035 1.4860589965890285
295 2950 -0.3346176397161102 -0.14236670586381736 0.12264469313934358 0.7108368007663332 0.392662761695394 0.5019225471404952 0.608832534106626 0.7757125800534824 0.8466535395304656 1.008724550413228 1.0466515848183724 1.2595433414037664 1.413094089572035 1.4860589965890285
296 2960 -0.3354736754838259 -0.1417771111961152 0.09696022777812391 0.7015577352528309 0.392662761695394 0.5019225471404952 0.608832534106626 0.7757125800534824 0.8466535395304656 1.008724550413228 1.0466515848183724 1.2595433414037664 1.413094089572035 1.4860589965890285
297 2970 -0.3749342798509645 -0.14851806004629498 0.09436961307744218 0.7125270904638843 0.392662761695394 0.5019225471404952 0.608832534106626 0.7757125800534824 0.8466535395304656 1.008724550413228 1.0466515848183724 1.2595433414037664 1.413094089572035 1.4860589965890285
298 2980 -0.38675363140294094 -0.1441402088072924 0.0934820994222001 0.700093374474747 0.392662761695394 0.5019225471404952 0.608832534106626 0.7757125800534824 0.8466535395304656 1.008724550413228 1.0466515848183724 1.2595433414037664 1.413094089572035 1.4860589965890285
299 2990 -0.4046122914615491 -0.15830210060718963 0.09809691008197119 0.7026238510472725 0.392662761695394 0.5019225471404952 0.608832534106626 0.7757125800534824 0.8466535395304656 1.008724550413228 1.0466515848183724 1.2595433414037664 1.413094089572035 1.4860589965890285
300 3000 -0.4112196804336791 -0.15443184320630907 0.08999148138865802 0.7239745376490094 0.392662761695394 0.5019225471404952 0.608832534106626 0.7757125800534824 0.8466535395304656 1.008724550413228 1.0466515848183724 1.2595433414037664 1.413094089572035 1.4860589965890285
301 3010 -0.4198867385667742 -0.17440700667480508 0.09614900783826533 0.7437148493248248 0.3656754801679893 0.4746149532680572 0.60391980046219 0.7524788940015196 0.8592759680585057 1.0583384154836228 1.115945580577974 1.1879469908743634 1.2943712681728206 1.5873542500805171
302 3020 -0.4090200099486407 -0.1885038555060694 0.11780018685464747 0.7524940194135915 0.3656754801679893 0.4746149532680572 0.60391980046219 0.7524788940015196 0.8592759680585057 1.0583384154836228 1.115945580577974 1.1879469908743634 1.2943712681728206 1.5873542500805171
303 3030 -0.4154015924990018 -0.17471220715470837 0.11510516545550387 0.7615654879912984 0.3656754801679893 0.4746149532680572 0.60391980046219 0.7524788940015196 0.8592759680585057 1.0583384154836228 1.115945580577974 1.1879469908743634 1.2943712681728206 1.5873542500805171
304 3040 -0.414191703032026 -0.18290328556823338 0.10567253801913004 0.7581602601407674 0.3656754801679893 0.4746149532680572 0.60391980046219 0.7524788940015196 0.8592759680585057 1.0583384154836228 1.115945580577974 1.1879469908743634 1.2943712681728206 1.5873542500805171
305 3050 -0.41047419648984845 -0.19249307450506198 0.10706002560590286 0.766053141372346 0.3656754801679893 0.4746149532680572 0.60391980046219 0.7524788940015196 0.8592759680585057 1.0583384154836228 1.115945580577974 1.1879469908743634 1.2943712681728206 1.5873542500805171
305 3050 -0.41047419648984845 -0.19249307450506198 0.10706002560590286 0.766053141372346 0.3656754801679893 0.4746149532680572 0.60391980046219 0.7524788940015196 0.8592759680585057 1.0583384154836228 1.115945580577974 1.1879469908743634 1.2943712681728206 1.5873542500805171
