% # columns="iteration, evaluation, min max(neg(.)) min(pos(.)) max correlation, correlation matrix principle axes lengths  (sorted square roots of eigenvalues of correlation matrix)", seed=1234, Thu Jul 14 17:19:33 2022
1 10 -0.05709078313121524 -0.011941137595340146 0.006316283993822026 0.030294211250261438 0.9303218671870741 0.9818635150768708 0.9853847003881847 0.9914401725544807 0.9966170260803489 1.0002000592097073 1.002318378633193 1.0171546244290783 1.031277075879375 1.058340641375209
2 20 -0.05709078313121524 -0.011941137595340146 0.006316283993822026 0.030294211250261438 0.9303218671870741 0.9818635150768708 0.9853847003881847 0.9914401725544807 0.9966170260803489 1.0002000592097073 1.002318378633193 1.0171546244290783 1.031277075879375 1.058340641375209
3 30 -0.05709078313121524 -0.011941137595340146 0.006316283993822026 0.030294211250261438 0.9303218671870741 0.9818635150768708 0.9853847003881847 0.9914401725544807 0.9966170260803489 1.0002000592097073 1.002318378633193 1.0171546244290783 1.031277075879375 1.058340641375209
4 40 -0.05709078313121524 -0.011941137595340146 0.006316283993822026 0.030294211250261438 0.9303218671870741 0.9818635150768708 0.9853847003881847 0.9914401725544807 0.9966170260803489 1.0002000592097073 1.002318378633193 1.0171546244290783 1.031277075879375 1.058340641375209
5 50 -0.05709078313121524 -0.011941137595340146 0.006316283993822026 0.030294211250261438 0.9303218671870741 0.9818635150768708 0.9853847003881847 0.9914401725544807 0.9966170260803489 1.0002000592097073 1.002318378633193 1.0171546244290783 1.031277075879375 1.058340641375209
6 60 -0.05709078313121524 -0.011941137595340146 0.006316283993822026 0.030294211250261438 0.9303218671870741 0.9818635150768708 0.9853847003881847 0.9914401725544807 0.9966170260803489 1.0002000592097073 1.002318378633193 1.0171546244290783 1.031277075879375 1.058340641375209
7 70 -0.05709078313121524 -0.011941137595340146 0.006316283993822026 0.030294211250261438 0.9303218671870741 0.9818635150768708 0.9853847003881847 0.9914401725544807 0.9966170260803489 1.0002000592097073 1.002318378633193 1.0171546244290783 1.031277075879375 1.058340641375209
8 80 -0.05709078313121524 -0.011941137595340146 0.006316283993822026 0.030294211250261438 0.9303218671870741 0.9818635150768708 0.9853847003881847 0.9914401725544807 0.9966170260803489 1.0002000592097073 1.002318378633193 1.0171546244290783 1.031277075879375 1.058340641375209
9 90 -0.05709078313121524 -0.011941137595340146 0.006316283993822026 0.030294211250261438 0.9303218671870741 0.9818635150768708 0.9853847003881847 0.9914401725544807 0.9966170260803489 1.0002000592097073 1.002318378633193 1.0171546244290783 1.031277075879375 1.058340641375209
10 100 -0.05709078313121524 -0.011941137595340146 0.006316283993822026 0.030294211250261438 0.9303218671870741 0.9818635150768708 0.9853847003881847 0.9914401725544807 0.9966170260803489 1.0002000592097073 1.002318378633193 1.0171546244290783 1.031277075879375 1.058340641375209
11 110 -0.2022548671908172 -0.07727300141520156 0.07590191064790534 0.24801406928632408 0.7040092483312346 0.8249322015916203 0.8414415827958865 0.9622528211526677 0.9725824018220186 0.9991010969111259 1.0560848496780681 1.0776166481972604 1.1937060878490886 1.2426893446974803
12 120 -0.2022548671908172 -0.07727300141520156 0.07590191064790534 0.24801406928632408 0.7040092483312346 0.8249322015916203 0.8414415827958865 0.9622528211526677 0.9725824018220186 0.9991010969111259 1.0560848496780681 1.0776166481972604 1.1937060878490886 1.2426893446974803
13 130 -0.2022548671908172 -0.07727300141520156 0.07590191064790534 0.24801406928632408 0.7040092483312346 0.8249322015916203 0.8414415827958865 0.9622528211526677 0.9725824018220186 0.9991010969111259 1.0560848496780681 1.0776166481972604 1.1937060878490886 1.2426893446974803
14 140 -0.2022548671908172 -0.07727300141520156 0.07590191064790534 0.24801406928632408 0.7040092483312346 0.8249322015916203 0.8414415827958865 0.9622528211526677 0.9725824018220186 0.9991010969111259 1.0560848496780681 1.0776166481972604 1.1937060878490886 1.2426893446974803
15 150 -0.2022548671908172 -0.07727300141520156 0.07590191064790534 0.24801406928632408 0.7040092483312346 0.8249322015916203 0.8414415827958865 0.9622528211526677 0.9725824018220186 0.9991010969111259 1.0560848496780681 1.0776166481972604 1.1937060878490886 1.2426893446974803
16 160 -0.2022548671908172 -0.07727300141520156 0.07590191064790534 0.24801406928632408 0.7040092483312346 0.8249322015916203 0.8414415827958865 0.9622528211526677 0.9725824018220186 0.9991010969111259 1.0560848496780681 1.0776166481972604 1.1937060878490886 1.2426893446974803
17 170 -0.2022548671908172 -0.07727300141520156 0.07590191064790534 0.24801406928632408 0.7040092483312346 0.8249322015916203 0.8414415827958865 0.9622528211526677 0.9725824018220186 0.9991010969111259 1.0560848496780681 1.0776166481972604 1.1937060878490886 1.2426893446974803
18 180 -0.2022548671908172 -0.07727300141520156 0.07590191064790534 0.24801406928632408 0.7040092483312346 0.8249322015916203 0.8414415827958865 0.9622528211526677 0.9725824018220186 0.9991010969111259 1.0560848496780681 1.0776166481972604 1.1937060878490886 1.2426893446974803
19 190 -0.2022548671908172 -0.07727300141520156 0.07590191064790534 0.24801406928632408 0.7040092483312346 0.8249322015916203 0.8414415827958865 0.9622528211526677 0.9725824018220186 0.9991010969111259 1.0560848496780681 1.0776166481972604 1.1937060878490886 1.2426893446974803
20 200 -0.2022548671908172 -0.07727300141520156 0.07590191064790534 0.24801406928632408 0.7040092483312346 0.8249322015916203 0.8414415827958865 0.9622528211526677 0.9725824018220186 0.9991010969111259 1.0560848496780681 1.0776166481972604 1.1937060878490886 1.2426893446974803
21 210 -0.23762920719455224 -0.10781374632974505 0.03999012966445392 0.2204018954592318 0.632089472671283 0.7654918134593415 0.8460912265959523 0.9229735899315684 0.9417692661558652 1.0261687109038604 1.1039789834922495 1.1476609533253568 1.18148755317226 1.2549800391384676
22 220 -0.23762920719455224 -0.10781374632974505 0.03999012966445392 0.2204018954592318 0.632089472671283 0.7654918134593415 0.8460912265959523 0.9229735899315684 0.9417692661558652 1.0261687109038604 1.1039789834922495 1.1476609533253568 1.18148755317226 1.2549800391384676
23 230 -0.23762920719455224 -0.10781374632974505 0.03999012966445392 0.2204018954592318 0.632089472671283 0.7654918134593415 0.8460912265959523 0.9229735899315684 0.9417692661558652 1.0261687109038604 1.1039789834922495 1.1476609533253568 1.18148755317226 1.2549800391384676
24 240 -0.23762920719455224 -0.10781374632974505 0.03999012966445392 0.2204018954592318 0.632089472671283 0.7654918134593415 0.8460912265959523 0.9229735899315684 0.9417692661558652 1.0261687109038604 1.1039789834922495 1.1476609533253568 1.18148755317226 1.2549800391384676
25 250 -0.23762920719455224 -0.10781374632974505 0.03999012966445392 0.2204018954592318 0.632089472671283 0.7654918134593415 0.8460912265959523 0.9229735899315684 0.9417692661558652 1.0261687109038604 1.1039789834922495 1.1476609533253568 1.18148755317226 1.2549800391384676
26 260 -0.23762920719455224 -0.10781374632974505 0.03999012966445392 0.2204018954592318 0.632089472671283 0.7654918134593415 0.8460912265959523 0.9229735899315684 0.9417692661558652 1.0261687109038604 1.1039789834922495 1.1476609533253568 1.18148755317226 1.2549800391384676
27 270 -0.23762920719455224 -0.10781374632974505 0.03999012966445392 0.2204018954592318 0.632089472671283 0.7654918134593415 0.8460912265959523 0.9229735899315684 0.9417692661558652 1.0261687109038604 1.1039789834922495 1.1476609533253568 1.18148755317226 1.2549800391384676
28 280 -0.23762920719455224 -0.10781374632974505 0.03999012966445392 0.2204018954592318 0.632089472671283 0.7654918134593415 0.8460912265959523 0.9229735899315684 0.9417692661558652 1.0261687109038604 1.1039789834922495 1.1476609533253568 1.18148755317226 1.2549800391384676
29 290 -0.23762920719455224 -0.10781374632974505 0.03999012966445392 0.2204018954592318 0.632089472671283 0.7654918134593415 0.8460912265959523 0.9229735899315684 0.9417692661558652 1.0261687109038604 1.1039789834922495 1.1476609533253568 1.18148755317226 1.2549800391384676
30 300 -0.23762920719455224 -0.10781374632974505 0.03999012966445392 0.2204018954592318 0.632089472671283 0.7654918134593415 0.8460912265959523 0.9229735899315684 0.9417692661558652 1.0261687109038604 1.1039789834922495 1.1476609533253568 1.18148755317226 1.2549800391384676
31 310 -0.2922770481795015 -0.1194108428174348 0.08887885883782831 0.2344684194548248 0.630946603767414 0.762379100115775 0.8106721563003385 0.854508888569819 0.9404104374178466 1.0194122035924043 1.0932575725797895 1.1272277959631025 1.260181094716843 1.2867888941630579
32 320 -0.2922770481795015 -0.1194108428174348 0.08887885883782831 0.2344684194548248 0.630946603767414 0.762379100115775 0.8106721563003385 0.854508888569819 0.9404104374178466 1.0194122035924043 1.0932575725797895 1.1272277959631025 1.260181094716843 1.2867888941630579
33 330 -0.2922770481795015 -0.1194108428174348 0.08887885883782831 0.2344684194548248 0.630946603767414 0.762379100115775 0.8106721563003385 0.854508888569819 0.9404104374178466 1.0194122035924043 1.0932575725797895 1.1272277959631025 1.260181094716843 1.2867888941630579
34 340 -0.2922770481795015 -0.1194108428174348 0.08887885883782831 0.2344684194548248 0.630946603767414 0.762379100115775 0.8106721563003385 0.854508888569819 0.9404104374178466 1.0194122035924043 1.0932575725797895 1.1272277959631025 1.260181094716843 1.2867888941630579
35 350 -0.2922770481795015 -0.1194108428174348 0.08887885883782831 0.2344684194548248 0.630946603767414 0.762379100115775 0.8106721563003385 0.854508888569819 0.9404104374178466 1.0194122035924043 1.0932575725797895 1.1272277959631025 1.260181094716843 1.2867888941630579
36 360 -0.2922770481795015 -0.1194108428174348 0.08887885883782831 0.2344684194548248 0.630946603767414 0.762379100115775 0.8106721563003385 0.854508888569819 0.9404104374178466 1.0194122035924043 1.0932575725797895 1.1272277959631025 1.260181094716843 1.2867888941630579
37 370 -0.2922770481795015 -0.1194108428174348 0.08887885883782831 0.2344684194548248 0.630946603767414 0.762379100115775 0.8106721563003385 0.854508888569819 0.9404104374178466 1.0194122035924043 1.0932575725797895 1.1272277959631025 1.260181094716843 1.2867888941630579
38 380 -0.2922770481795015 -0.1194108428174348 0.08887885883782831 0.2344684194548248 0.630946603767414 0.762379100115775 0.8106721563003385 0.854508888569819 0.9404104374178466 1.0194122035924043 1.0932575725797895 1.1272277959631025 1.260181094716843 1.2867888941630579
39 390 -0.2922770481795015 -0.1194108428174348 0.08887885883782831 0.2344684194548248 0.630946603767414 0.762379100115775 0.8106721563003385 0.854508888569819 0.9404104374178466 1.0194122035924043 1.0932575725797895 1.1272277959631025 1.260181094716843 1.2867888941630579
40 400 -0.2922770481795015 -0.1194108428174348 0.08887885883782831 0.2344684194548248 0.630946603767414 0.762379100115775 0.8106721563003385 0.854508888569819 0.9404104374178466 1.0194122035924043 1.0932575725797895 1.1272277959631025 1.260181094716843 1.2867888941630579
41 410 -0.3506318520443086 -0.1513573872156589 0.10618711872263073 0.23815625405589244 0.5829886337295968 0.6538833875337795 0.7222060686960673 0.8446723149379346 0.9367958451905216 1.0224216889703062 1.1375095100419832 1.1784192224177645 1.2809433958985532 1.323313849707064
42 420 -0.3506318520443086 -0.1513573872156589 0.10618711872263073 0.23815625405589244 0.5829886337295968 0.6538833875337795 0.7222060686960673 0.8446723149379346 0.9367958451905216 1.0224216889703062 1.1375095100419832 1.1784192224177645 1.2809433958985532 1.323313849707064
43 430 -0.3506318520443086 -0.1513573872156589 0.10618711872263073 0.23815625405589244 0.5829886337295968 0.6538833875337795 0.7222060686960673 0.8446723149379346 0.9367958451905216 1.0224216889703062 1.1375095100419832 1.1784192224177645 1.2809433958985532 1.323313849707064
44 440 -0.3506318520443086 -0.1513573872156589 0.10618711872263073 0.23815625405589244 0.5829886337295968 0.6538833875337795 0.7222060686960673 0.8446723149379346 0.9367958451905216 1.0224216889703062 1.1375095100419832 1.1784192224177645 1.2809433958985532 1.323313849707064
45 450 -0.3506318520443086 -0.1513573872156589 0.10618711872263073 0.23815625405589244 0.5829886337295968 0.6538833875337795 0.7222060686960673 0.8446723149379346 0.9367958451905216 1.0224216889703062 1.1375095100419832 1.1784192224177645 1.2809433958985532 1.323313849707064
46 460 -0.3506318520443086 -0.1513573872156589 0.10618711872263073 0.23815625405589244 0.5829886337295968 0.6538833875337795 0.7222060686960673 0.8446723149379346 0.9367958451905216 1.0224216889703062 1.1375095100419832 1.1784192224177645 1.2809433958985532 1.323313849707064
47 470 -0.3506318520443086 -0.1513573872156589 0.10618711872263073 0.23815625405589244 0.5829886337295968 0.6538833875337795 0.7222060686960673 0.8446723149379346 0.9367958451905216 1.0224216889703062 1.1375095100419832 1.1784192224177645 1.2809433958985532 1.323313849707064
48 480 -0.3506318520443086 -0.1513573872156589 0.10618711872263073 0.23815625405589244 0.5829886337295968 0.6538833875337795 0.7222060686960673 0.8446723149379346 0.9367958451905216 1.0224216889703062 1.1375095100419832 1.1784192224177645 1.2809433958985532 1.323313849707064
49 490 -0.3506318520443086 -0.1513573872156589 0.10618711872263073 0.23815625405589244 0.5829886337295968 0.6538833875337795 0.7222060686960673 0.8446723149379346 0.9367958451905216 1.0224216889703062 1.1375095100419832 1.1784192224177645 1.2809433958985532 1.323313849707064
50 500 -0.3506318520443086 -0.1513573872156589 0.10618711872263073 0.23815625405589244 0.5829886337295968 0.6538833875337795 0.7222060686960673 0.8446723149379346 0.9367958451905216 1.0224216889703062 1.1375095100419832 1.1784192224177645 1.2809433958985532 1.323313849707064
51 510 -0.3796873483087579 -0.11622079636772721 0.11919662207225774 0.3445582590433042 0.5376834125293005 0.6071688150333938 0.7322665645758 0.819238128393044 0.9615309247201748 0.9754664908543269 1.0250265703116728 1.1883054621852984 1.3568187276535666 1.3982468131000874
52 520 -0.3796873483087579 -0.11622079636772721 0.11919662207225774 0.3445582590433042 0.5376834125293005 0.6071688150333938 0.7322665645758 0.819238128393044 0.9615309247201748 0.9754664908543269 1.0250265703116728 1.1883054621852984 1.3568187276535666 1.3982468131000874
53 530 -0.3796873483087579 -0.11622079636772721 0.11919662207225774 0.3445582590433042 0.5376834125293005 0.6071688150333938 0.7322665645758 0.819238128393044 0.9615309247201748 0.9754664908543269 1.0250265703116728 1.1883054621852984 1.3568187276535666 1.3982468131000874
54 540 -0.3796873483087579 -0.11622079636772721 0.11919662207225774 0.3445582590433042 0.5376834125293005 0.6071688150333938 0.7322665645758 0.819238128393044 0.9615309247201748 0.9754664908543269 1.0250265703116728 1.1883054621852984 1.3568187276535666 1.3982468131000874
55 550 -0.3796873483087579 -0.11622079636772721 0.11919662207225774 0.3445582590433042 0.5376834125293005 0.6071688150333938 0.7322665645758 0.819238128393044 0.9615309247201748 0.9754664908543269 1.0250265703116728 1.1883054621852984 1.3568187276535666 1.3982468131000874
56 560 -0.3796873483087579 -0.11622079636772721 0.11919662207225774 0.3445582590433042 0.5376834125293005 0.6071688150333938 0.7322665645758 0.819238128393044 0.9615309247201748 0.9754664908543269 1.0250265703116728 1.1883054621852984 1.3568187276535666 1.3982468131000874
57 570 -0.3796873483087579 -0.11622079636772721 0.11919662207225774 0.3445582590433042 0.5376834125293005 0.6071688150333938 0.7322665645758 0.819238128393044 0.9615309247201748 0.9754664908543269 1.0250265703116728 1.1883054621852984 1.3568187276535666 1.3982468131000874
58 580 -0.3796873483087579 -0.11622079636772721 0.11919662207225774 0.3445582590433042 0.5376834125293005 0.6071688150333938 0.7322665645758 0.819238128393044 0.9615309247201748 0.9754664908543269 1.0250265703116728 1.1883054621852984 1.3568187276535666 1.3982468131000874
59 590 -0.3796873483087579 -0.11622079636772721 0.11919662207225774 0.3445582590433042 0.5376834125293005 0.6071688150333938 0.7322665645758 0.819238128393044 0.9615309247201748 0.9754664908543269 1.0250265703116728 1.1883054621852984 1.3568187276535666 1.3982468131000874
60 600 -0.3796873483087579 -0.11622079636772721 0.11919662207225774 0.3445582590433042 0.5376834125293005 0.6071688150333938 0.7322665645758 0.819238128393044 0.9615309247201748 0.9754664908543269 1.0250265703116728 1.1883054621852984 1.3568187276535666 1.3982468131000874
61 610 -0.4697991383170475 -0.12828706802817774 0.12447026480666545 0.3893684883147551 0.4768558376253163 0.5240739704013159 0.7131736305223526 0.8107213010296933 0.9268845548638033 0.9681376372503465 1.1410289246907483 1.2403742859861226 1.2578853066270828 1.4535862701622397
62 620 -0.4697991383170475 -0.12828706802817774 0.12447026480666545 0.3893684883147551 0.4768558376253163 0.5240739704013159 0.7131736305223526 0.8107213010296933 0.9268845548638033 0.9681376372503465 1.1410289246907483 1.2403742859861226 1.2578853066270828 1.4535862701622397
63 630 -0.4697991383170475 -0.12828706802817774 0.12447026480666545 0.3893684883147551 0.4768558376253163 0.5240739704013159 0.7131736305223526 0.8107213010296933 0.9268845548638033 0.9681376372503465 1.1410289246907483 1.2403742859861226 1.2578853066270828 1.4535862701622397
64 640 -0.4697991383170475 -0.12828706802817774 0.12447026480666545 0.3893684883147551 0.4768558376253163 0.5240739704013159 0.7131736305223526 0.8107213010296933 0.9268845548638033 0.9681376372503465 1.1410289246907483 1.2403742859861226 1.2578853066270828 1.4535862701622397
65 650 -0.4697991383170475 -0.12828706802817774 0.12447026480666545 0.3893684883147551 0.4768558376253163 0.5240739704013159 0.7131736305223526 0.8107213010296933 0.9268845548638033 0.9681376372503465 1.1410289246907483 1.2403742859861226 1.2578853066270828 1.4535862701622397
66 660 -0.4697991383170475 -0.12828706802817774 0.12447026480666545 0.3893684883147551 0.4768558376253163 0.5240739704013159 0.7131736305223526 0.8107213010296933 0.9268845548638033 0.9681376372503465 1.1410289246907483 1.2403742859861226 1.2578853066270828 1.4535862701622397
67 670 -0.4697991383170475 -0.12828706802817774 0.12447026480666545 0.3893684883147551 0.4768558376253163 0.5240739704013159 0.7131736305223526 0.8107213010296933 0.9268845548638033 0.9681376372503465 1.1410289246907483 1.2403742859861226 1.2578853066270828 1.4535862701622397
68 680 -0.4697991383170475 -0.12828706802817774 0.12447026480666545 0.3893684883147551 0.4768558376253163 0.5240739704013159 0.7131736305223526 0.8107213010296933 0.9268845548638033 0.9681376372503465 1.1410289246907483 1.2403742859861226 1.2578853066270828 1.4535862701622397
69 690 -0.4697991383170475 -0.12828706802817774 0.12447026480666545 0.3893684883147551 0.4768558376253163 0.5240739704013159 0.7131736305223526 0.8107213010296933 0.9268845548638033 0.9681376372503465 1.1410289246907483 1.2403742859861226 1.2578853066270828 1.4535862701622397
70 700 -0.4697991383170475 -0.12828706802817774 0.12447026480666545 0.3893684883147551 0.4768558376253163 0.5240739704013159 0.7131736305223526 0.8107213010296933 0.9268845548638033 0.9681376372503465 1.1410289246907483 1.2403742859861226 1.2578853066270828 1.4535862701622397
71 710 -0.5416751178093526 -0.14699882244777412 0.1863929681910023 0.5108483426996862 0.43067439083658177 0.5066422283884653 0.6484150473283252 0.7489059886857271 0.7794962334968953 0.8752309531515529 1.1300971139907516 1.2288944878175454 1.3440135407467158 1.6153061077270927
72 720 -0.5416751178093526 -0.14699882244777412 0.1863929681910023 0.5108483426996862 0.43067439083658177 0.5066422283884653 0.6484150473283252 0.7489059886857271 0.7794962334968953 0.8752309531515529 1.1300971139907516 1.2288944878175454 1.3440135407467158 1.6153061077270927
73 730 -0.5416751178093526 -0.14699882244777412 0.1863929681910023 0.5108483426996862 0.43067439083658177 0.5066422283884653 0.6484150473283252 0.7489059886857271 0.7794962334968953 0.8752309531515529 1.1300971139907516 1.2288944878175454 1.3440135407467158 1.6153061077270927
74 740 -0.5416751178093526 -0.14699882244777412 0.1863929681910023 0.5108483426996862 0.43067439083658177 0.5066422283884653 0.6484150473283252 0.7489059886857271 0.7794962334968953 0.8752309531515529 1.1300971139907516 1.2288944878175454 1.3440135407467158 1.6153061077270927
75 750 -0.5416751178093526 -0.14699882244777412 0.1863929681910023 0.5108483426996862 0.43067439083658177 0.5066422283884653 0.6484150473283252 0.7489059886857271 0.7794962334968953 0.8752309531515529 1.1300971139907516 1.2288944878175454 1.3440135407467158 1.6153061077270927
76 760 -0.5416751178093526 -0.14699882244777412 0.1863929681910023 0.5108483426996862 0.43067439083658177 0.5066422283884653 0.6484150473283252 0.7489059886857271 0.7794962334968953 0.8752309531515529 1.1300971139907516 1.2288944878175454 1.3440135407467158 1.6153061077270927
77 770 -0.5416751178093526 -0.14699882244777412 0.1863929681910023 0.5108483426996862 0.43067439083658177 0.5066422283884653 0.6484150473283252 0.7489059886857271 0.7794962334968953 0.8752309531515529 1.1300971139907516 1.2288944878175454 1.3440135407467158 1.6153061077270927
78 780 -0.5416751178093526 -0.14699882244777412 0.1863929681910023 0.5108483426996862 0.43067439083658177 0.5066422283884653 0.6484150473283252 0.7489059886857271 0.7794962334968953 0.8752309531515529 1.1300971139907516 1.2288944878175454 1.3440135407467158 1.6153061077270927
79 790 -0.5416751178093526 -0.14699882244777412 0.1863929681910023 0.5108483426996862 0.43067439083658177 0.5066422283884653 0.6484150473283252 0.7489059886857271 0.7794962334968953 0.8752309531515529 1.1300971139907516 1.2288944878175454 1.3440135407467158 1.6153061077270927
80 800 -0.5416751178093526 -0.14699882244777412 0.1863929681910023 0.5108483426996862 0.43067439083658177 0.5066422283884653 0.6484150473283252 0.7489059886857271 0.7794962334968953 0.8752309531515529 1.1300971139907516 1.2288944878175454 1.3440135407467158 1.6153061077270927
81 810 -0.5099063382675981 -0.18430271932744635 0.19936513577003245 0.4871151666243405 0.47195771680903037 0.48731091524432124 0.6592381772565816 0.6835223265804378 0.7755056503396073 0.8730924352590649 1.0462279048177252 1.260663859302378 1.4096627897107201 1.613465664419578
82 820 -0.5099063382675981 -0.18430271932744635 0.19936513577003245 0.4871151666243405 0.47195771680903037 0.48731091524432124 0.6592381772565816 0.6835223265804378 0.7755056503396073 0.8730924352590649 1.0462279048177252 1.260663859302378 1.4096627897107201 1.613465664419578
83 830 -0.5099063382675981 -0.18430271932744635 0.19936513577003245 0.4871151666243405 0.47195771680903037 0.48731091524432124 0.6592381772565816 0.6835223265804378 0.7755056503396073 0.8730924352590649 1.0462279048177252 1.260663859302378 1.4096627897107201 1.613465664419578
84 840 -0.5099063382675981 -0.18430271932744635 0.19936513577003245 0.4871151666243405 0.47195771680903037 0.48731091524432124 0.6592381772565816 0.6835223265804378 0.7755056503396073 0.8730924352590649 1.0462279048177252 1.260663859302378 1.4096627897107201 1.613465664419578
85 850 -0.5099063382675981 -0.18430271932744635 0.19936513577003245 0.4871151666243405 0.47195771680903037 0.48731091524432124 0.6592381772565816 0.6835223265804378 0.7755056503396073 0.8730924352590649 1.0462279048177252 1.260663859302378 1.4096627897107201 1.613465664419578
86 860 -0.5099063382675981 -0.18430271932744635 0.19936513577003245 0.4871151666243405 0.47195771680903037 0.48731091524432124 0.6592381772565816 0.6835223265804378 0.7755056503396073 0.8730924352590649 1.0462279048177252 1.260663859302378 1.4096627897107201 1.613465664419578
87 870 -0.5099063382675981 -0.18430271932744635 0.19936513577003245 0.4871151666243405 0.47195771680903037 0.48731091524432124 0.6592381772565816 0.6835223265804378 0.7755056503396073 0.8730924352590649 1.0462279048177252 1.260663859302378 1.4096627897107201 1.613465664419578
88 880 -0.5099063382675981 -0.18430271932744635 0.19936513577003245 0.4871151666243405 0.47195771680903037 0.48731091524432124 0.6592381772565816 0.6835223265804378 0.7755056503396073 0.8730924352590649 1.0462279048177252 1.260663859302378 1.4096627897107201 1.613465664419578
89 890 -0.5099063382675981 -0.18430271932744635 0.19936513577003245 0.4871151666243405 0.47195771680903037 0.48731091524432124 0.6592381772565816 0.6835223265804378 0.7755056503396073 0.8730924352590649 1.0462279048177252 1.260663859302378 1.4096627897107201 1.613465664419578
90 900 -0.5099063382675981 -0.18430271932744635 0.19936513577003245 0.4871151666243405 0.47195771680903037 0.48731091524432124 0.6592381772565816 0.6835223265804378 0.7755056503396073 0.8730924352590649 1.0462279048177252 1.260663859302378 1.4096627897107201 1.613465664419578
91 910 -0.5120489956873829 -0.17523400669862504 0.1901016573272433 0.5742762147128306 0.4427568563849478 0.4947231057536209 0.6571810548135671 0.7737982911011474 0.8202175129199853 0.8618502892578038 1.075949514420208 1.2150483720857828 1.400794213790114 1.5864386712284269
92 920 -0.5120489956873829 -0.17523400669862504 0.1901016573272433 0.5742762147128306 0.4427568563849478 0.4947231057536209 0.6571810548135671 0.7737982911011474 0.8202175129199853 0.8618502892578038 1.075949514420208 1.2150483720857828 1.400794213790114 1.5864386712284269
93 930 -0.5120489956873829 -0.17523400669862504 0.1901016573272433 0.5742762147128306 0.4427568563849478 0.4947231057536209 0.6571810548135671 0.7737982911011474 0.8202175129199853 0.8618502892578038 1.075949514420208 1.2150483720857828 1.400794213790114 1.5864386712284269
94 940 -0.5120489956873829 -0.17523400669862504 0.1901016573272433 0.5742762147128306 0.4427568563849478 0.4947231057536209 0.6571810548135671 0.7737982911011474 0.8202175129199853 0.8618502892578038 1.075949514420208 1.2150483720857828 1.400794213790114 1.5864386712284269
95 950 -0.5120489956873829 -0.17523400669862504 0.1901016573272433 0.5742762147128306 0.4427568563849478 0.4947231057536209 0.6571810548135671 0.7737982911011474 0.8202175129199853 0.8618502892578038 1.075949514420208 1.2150483720857828 1.400794213790114 1.5864386712284269
96 960 -0.5120489956873829 -0.17523400669862504 0.1901016573272433 0.5742762147128306 0.4427568563849478 0.4947231057536209 0.6571810548135671 0.7737982911011474 0.8202175129199853 0.8618502892578038 1.075949514420208 1.2150483720857828 1.400794213790114 1.5864386712284269
97 970 -0.5120489956873829 -0.17523400669862504 0.1901016573272433 0.5742762147128306 0.4427568563849478 0.4947231057536209 0.6571810548135671 0.7737982911011474 0.8202175129199853 0.8618502892578038 1.075949514420208 1.2150483720857828 1.400794213790114 1.5864386712284269
98 980 -0.5120489956873829 -0.17523400669862504 0.1901016573272433 0.5742762147128306 0.4427568563849478 0.4947231057536209 0.6571810548135671 0.7737982911011474 0.8202175129199853 0.8618502892578038 1.075949514420208 1.2150483720857828 1.400794213790114 1.5864386712284269
99 990 -0.5120489956873829 -0.17523400669862504 0.1901016573272433 0.5742762147128306 0.4427568563849478 0.4947231057536209 0.6571810548135671 0.7737982911011474 0.8202175129199853 0.8618502892578038 1.075949514420208 1.2150483720857828 1.400794213790114 1.5864386712284269
100 1000 -0.5120489956873829 -0.17523400669862504 0.1901016573272433 0.5742762147128306 0.4427568563849478 0.4947231057536209 0.6571810548135671 0.7737982911011474 0.8202175129199853 0.8618502892578038 1.075949514420208 1.2150483720857828 1.400794213790114 1.5864386712284269
101 1010 -0.5073802357916538 -0.20553738682591527 0.2082145502239176 0.6246104403455914 0.3926135272851375 0.4767136472850092 0.6018687238191439 0.7551654460018359 0.8122084017493828 0.8900716836700231 1.066447458665213 1.1817494052513624 1.4290683988525354 1.6303648326955065
102 1020 -0.5073802357916538 -0.20553738682591527 0.2082145502239176 0.6246104403455914 0.3926135272851375 0.4767136472850092 0.6018687238191439 0.7551654460018359 0.8122084017493828 0.8900716836700231 1.066447458665213 1.1817494052513624 1.4290683988525354 1.6303648326955065
103 1030 -0.5073802357916538 -0.20553738682591527 0.2082145502239176 0.6246104403455914 0.3926135272851375 0.4767136472850092 0.6018687238191439 0.7551654460018359 0.8122084017493828 0.8900716836700231 1.066447458665213 1.1817494052513624 1.4290683988525354 1.6303648326955065
104 1040 -0.5073802357916538 -0.20553738682591527 0.2082145502239176 0.6246104403455914 0.3926135272851375 0.4767136472850092 0.6018687238191439 0.7551654460018359 0.8122084017493828 0.8900716836700231 1.066447458665213 1.1817494052513624 1.4290683988525354 1.6303648326955065
105 1050 -0.5073802357916538 -0.20553738682591527 0.2082145502239176 0.6246104403455914 0.3926135272851375 0.4767136472850092 0.6018687238191439 0.7551654460018359 0.8122084017493828 0.8900716836700231 1.066447458665213 1.1817494052513624 1.4290683988525354 1.6303648326955065
106 1060 -0.5073802357916538 -0.20553738682591527 0.2082145502239176 0.6246104403455914 0.3926135272851375 0.4767136472850092 0.6018687238191439 0.7551654460018359 0.8122084017493828 0.8900716836700231 1.066447458665213 1.1817494052513624 1.4290683988525354 1.6303648326955065
107 1070 -0.5073802357916538 -0.20553738682591527 0.2082145502239176 0.6246104403455914 0.3926135272851375 0.4767136472850092 0.6018687238191439 0.7551654460018359 0.8122084017493828 0.8900716836700231 1.066447458665213 1.1817494052513624 1.4290683988525354 1.6303648326955065
108 1080 -0.5073802357916538 -0.20553738682591527 0.2082145502239176 0.6246104403455914 0.3926135272851375 0.4767136472850092 0.6018687238191439 0.7551654460018359 0.8122084017493828 0.8900716836700231 1.066447458665213 1.1817494052513624 1.4290683988525354 1.6303648326955065
109 1090 -0.5073802357916538 -0.20553738682591527 0.2082145502239176 0.6246104403455914 0.3926135272851375 0.4767136472850092 0.6018687238191439 0.7551654460018359 0.8122084017493828 0.8900716836700231 1.066447458665213 1.1817494052513624 1.4290683988525354 1.6303648326955065
110 1100 -0.5073802357916538 -0.20553738682591527 0.2082145502239176 0.6246104403455914 0.3926135272851375 0.4767136472850092 0.6018687238191439 0.7551654460018359 0.8122084017493828 0.8900716836700231 1.066447458665213 1.1817494052513624 1.4290683988525354 1.6303648326955065
111 1110 -0.48399516842745915 -0.19935029074063515 0.20421551480141154 0.6047197993160471 0.4015441796136716 0.4953610181865388 0.5222452258952722 0.6843912855713068 0.8516792945244245 0.9097358844958572 1.1512046870622157 1.2170151644433167 1.4567804849083945 1.539695977221868
112 1120 -0.48399516842745915 -0.19935029074063515 0.20421551480141154 0.6047197993160471 0.4015441796136716 0.4953610181865388 0.5222452258952722 0.6843912855713068 0.8516792945244245 0.9097358844958572 1.1512046870622157 1.2170151644433167 1.4567804849083945 1.539695977221868
113 1130 -0.48399516842745915 -0.19935029074063515 0.20421551480141154 0.6047197993160471 0.4015441796136716 0.4953610181865388 0.5222452258952722 0.6843912855713068 0.8516792945244245 0.9097358844958572 1.1512046870622157 1.2170151644433167 1.4567804849083945 1.539695977221868
114 1140 -0.48399516842745915 -0.19935029074063515 0.20421551480141154 0.6047197993160471 0.4015441796136716 0.4953610181865388 0.5222452258952722 0.6843912855713068 0.8516792945244245 0.9097358844958572 1.1512046870622157 1.2170151644433167 1.4567804849083945 1.539695977221868
115 1150 -0.48399516842745915 -0.19935029074063515 0.20421551480141154 0.6047197993160471 0.4015441796136716 0.4953610181865388 0.5222452258952722 0.6843912855713068 0.8516792945244245 0.9097358844958572 1.1512046870622157 1.2170151644433167 1.4567804849083945 1.539695977221868
116 1160 -0.48399516842745915 -0.19935029074063515 0.20421551480141154 0.6047197993160471 0.4015441796136716 0.4953610181865388 0.5222452258952722 0.6843912855713068 0.8516792945244245 0.9097358844958572 1.1512046870622157 1.2170151644433167 1.4567804849083945 1.539695977221868
117 1170 -0.48399516842745915 -0.19935029074063515 0.20421551480141154 0.6047197993160471 0.4015441796136716 0.4953610181865388 0.5222452258952722 0.6843912855713068 0.8516792945244245 0.9097358844958572 1.1512046870622157 1.2170151644433167 1.4567804849083945 1.539695977221868
118 1180 -0.48399516842745915 -0.19935029074063515 0.20421551480141154 0.6047197993160471 0.4015441796136716 0.4953610181865388 0.5222452258952722 0.6843912855713068 0.8516792945244245 0.9097358844958572 1.1512046870622157 1.2170151644433167 1.4567804849083945 1.539695977221868
119 1190 -0.48399516842745915 -0.19935029074063515 0.20421551480141154 0.6047197993160471 0.4015441796136716 0.4953610181865388 0.5222452258952722 0.6843912855713068 0.8516792945244245 0.9097358844958572 1.1512046870622157 1.2170151644433167 1.4567804849083945 1.539695977221868
120 1200 -0.48399516842745915 -0.19935029074063515 0.20421551480141154 0.6047197993160471 0.4015441796136716 0.4953610181865388 0.5222452258952722 0.6843912855713068 0.8516792945244245 0.9097358844958572 1.1512046870622157 1.2170151644433167 1.4567804849083945 1.539695977221868
121 1210 -0.515114046353002 -0.2221002669800268 0.2070757600493425 0.6611121217325129 0.39522901644887226 0.4845383091786583 0.5151304201798498 0.6487899156291446 0.8037267555218158 0.8550544759531669 1.1157719704943747 1.2247471140990787 1.4871124751353098 1.6090922892585262
122 1220 -0.515114046353002 -0.2221002669800268 0.2070757600493425 0.6611121217325129 0.39522901644887226 0.4845383091786583 0.5151304201798498 0.6487899156291446 0.8037267555218158 0.8550544759531669 1.1157719704943747 1.2247471140990787 1.4871124751353098 1.6090922892585262
123 1230 -0.515114046353002 -0.2221002669800268 0.2070757600493425 0.6611121217325129 0.39522901644887226 0.4845383091786583 0.5151304201798498 0.6487899156291446 0.8037267555218158 0.8550544759531669 1.1157719704943747 1.2247471140990787 1.4871124751353098 1.6090922892585262
124 1240 -0.515114046353002 -0.2221002669800268 0.2070757600493425 0.6611121217325129 0.39522901644887226 0.4845383091786583 0.5151304201798498 0.6487899156291446 0.8037267555218158 0.8550544759531669 1.1157719704943747 1.2247471140990787 1.4871124751353098 1.6090922892585262
125 1250 -0.515114046353002 -0.2221002669800268 0.2070757600493425 0.6611121217325129 0.39522901644887226 0.4845383091786583 0.5151304201798498 0.6487899156291446 0.8037267555218158 0.8550544759531669 1.1157719704943747 1.2247471140990787 1.4871124751353098 1.6090922892585262
126 1260 -0.515114046353002 -0.2221002669800268 0.2070757600493425 0.6611121217325129 0.39522901644887226 0.4845383091786583 0.5151304201798498 0.6487899156291446 0.8037267555218158 0.8550544759531669 1.1157719704943747 1.2247471140990787 1.4871124751353098 1.6090922892585262
127 1270 -0.515114046353002 -0.2221002669800268 0.2070757600493425 0.6611121217325129 0.39522901644887226 0.4845383091786583 0.5151304201798498 0.6487899156291446 0.8037267555218158 0.8550544759531669 1.1157719704943747 1.2247471140990787 1.4871124751353098 1.6090922892585262
128 1280 -0.515114046353002 -0.2221002669800268 0.2070757600493425 0.6611121217325129 0.39522901644887226 0.4845383091786583 0.5151304201798498 0.6487899156291446 0.8037267555218158 0.8550544759531669 1.1157719704943747 1.2247471140990787 1.4871124751353098 1.6090922892585262
129 1290 -0.515114046353002 -0.2221002669800268 0.2070757600493425 0.6611121217325129 0.39522901644887226 0.4845383091786583 0.5151304201798498 0.6487899156291446 0.8037267555218158 0.8550544759531669 1.1157719704943747 1.2247471140990787 1.4871124751353098 1.6090922892585262
130 1300 -0.515114046353002 -0.2221002669800268 0.2070757600493425 0.6611121217325129 0.39522901644887226 0.4845383091786583 0.5151304201798498 0.6487899156291446 0.8037267555218158 0.8550544759531669 1.1157719704943747 1.2247471140990787 1.4871124751353098 1.6090922892585262
131 1310 -0.5376775009993329 -0.22502103312227104 0.18514367929026315 0.6413692277681388 0.41331067325545995 0.4407407626372512 0.5387458049315355 0.5772597940925861 0.8081057957924854 0.8278102096221822 1.1807878768370335 1.2629101013401225 1.4493238417738266 1.6072957731797557
132 1320 -0.5376775009993329 -0.22502103312227104 0.18514367929026315 0.6413692277681388 0.41331067325545995 0.4407407626372512 0.5387458049315355 0.5772597940925861 0.8081057957924854 0.8278102096221822 1.1807878768370335 1.2629101013401225 1.4493238417738266 1.6072957731797557
133 1330 -0.5376775009993329 -0.22502103312227104 0.18514367929026315 0.6413692277681388 0.41331067325545995 0.4407407626372512 0.5387458049315355 0.5772597940925861 0.8081057957924854 0.8278102096221822 1.1807878768370335 1.2629101013401225 1.4493238417738266 1.6072957731797557
134 1340 -0.5376775009993329 -0.22502103312227104 0.18514367929026315 0.6413692277681388 0.41331067325545995 0.4407407626372512 0.5387458049315355 0.5772597940925861 0.8081057957924854 0.8278102096221822 1.1807878768370335 1.2629101013401225 1.4493238417738266 1.6072957731797557
135 1350 -0.5376775009993329 -0.22502103312227104 0.18514367929026315 0.6413692277681388 0.41331067325545995 0.4407407626372512 0.5387458049315355 0.5772597940925861 0.8081057957924854 0.8278102096221822 1.1807878768370335 1.2629101013401225 1.4493238417738266 1.6072957731797557
136 1360 -0.5376775009993329 -0.22502103312227104 0.18514367929026315 0.6413692277681388 0.41331067325545995 0.4407407626372512 0.5387458049315355 0.5772597940925861 0.8081057957924854 0.8278102096221822 1.1807878768370335 1.2629101013401225 1.4493238417738266 1.6072957731797557
137 1370 -0.5376775009993329 -0.22502103312227104 0.18514367929026315 0.6413692277681388 0.41331067325545995 0.4407407626372512 0.5387458049315355 0.5772597940925861 0.8081057957924854 0.8278102096221822 1.1807878768370335 1.2629101013401225 1.4493238417738266 1.6072957731797557
138 1380 -0.5376775009993329 -0.22502103312227104 0.18514367929026315 0.6413692277681388 0.41331067325545995 0.4407407626372512 0.5387458049315355 0.5772597940925861 0.8081057957924854 0.8278102096221822 1.1807878768370335 1.2629101013401225 1.4493238417738266 1.6072957731797557
139 1390 -0.5376775009993329 -0.22502103312227104 0.18514367929026315 0.6413692277681388 0.41331067325545995 0.4407407626372512 0.5387458049315355 0.5772597940925861 0.8081057957924854 0.8278102096221822 1.1807878768370335 1.2629101013401225 1.4493238417738266 1.6072957731797557
140 1400 -0.5376775009993329 -0.22502103312227104 0.18514367929026315 0.6413692277681388 0.41331067325545995 0.4407407626372512 0.5387458049315355 0.5772597940925861 0.8081057957924854 0.8278102096221822 1.1807878768370335 1.2629101013401225 1.4493238417738266 1.6072957731797557
141 1410 -0.6249500405078041 -0.27771610829990545 0.1810975329739523 0.6930634777234606 0.3472065339868233 0.4269588169384972 0.5029734604305982 0.5690276005099395 0.7242940286790925 0.8406990174923764 1.0784933498380675 1.272554317505698 1.4610517558646279 1.7238874010214307
142 1420 -0.6249500405078041 -0.27771610829990545 0.1810975329739523 0.6930634777234606 0.3472065339868233 0.4269588169384972 0.5029734604305982 0.5690276005099395 0.7242940286790925 0.8406990174923764 1.0784933498380675 1.272554317505698 1.4610517558646279 1.7238874010214307
143 1430 -0.6249500405078041 -0.27771610829990545 0.1810975329739523 0.6930634777234606 0.3472065339868233 0.4269588169384972 0.5029734604305982 0.5690276005099395 0.7242940286790925 0.8406990174923764 1.0784933498380675 1.272554317505698 1.4610517558646279 1.7238874010214307
144 1440 -0.6249500405078041 -0.27771610829990545 0.1810975329739523 0.6930634777234606 0.3472065339868233 0.4269588169384972 0.5029734604305982 0.5690276005099395 0.7242940286790925 0.8406990174923764 1.0784933498380675 1.272554317505698 1.4610517558646279 1.7238874010214307
145 1450 -0.6249500405078041 -0.27771610829990545 0.1810975329739523 0.6930634777234606 0.3472065339868233 0.4269588169384972 0.5029734604305982 0.5690276005099395 0.7242940286790925 0.8406990174923764 1.0784933498380675 1.272554317505698 1.4610517558646279 1.7238874010214307
146 1460 -0.6249500405078041 -0.27771610829990545 0.1810975329739523 0.6930634777234606 0.3472065339868233 0.4269588169384972 0.5029734604305982 0.5690276005099395 0.7242940286790925 0.8406990174923764 1.0784933498380675 1.272554317505698 1.4610517558646279 1.7238874010214307
147 1470 -0.6249500405078041 -0.27771610829990545 0.1810975329739523 0.6930634777234606 0.3472065339868233 0.4269588169384972 0.5029734604305982 0.5690276005099395 0.7242940286790925 0.8406990174923764 1.0784933498380675 1.272554317505698 1.4610517558646279 1.7238874010214307
148 1480 -0.6249500405078041 -0.27771610829990545 0.1810975329739523 0.6930634777234606 0.3472065339868233 0.4269588169384972 0.5029734604305982 0.5690276005099395 0.7242940286790925 0.8406990174923764 1.0784933498380675 1.272554317505698 1.4610517558646279 1.7238874010214307
149 1490 -0.6249500405078041 -0.27771610829990545 0.1810975329739523 0.6930634777234606 0.3472065339868233 0.4269588169384972 0.5029734604305982 0.5690276005099395 0.7242940286790925 0.8406990174923764 1.0784933498380675 1.272554317505698 1.4610517558646279 1.7238874010214307
150 1500 -0.6249500405078041 -0.27771610829990545 0.1810975329739523 0.6930634777234606 0.3472065339868233 0.4269588169384972 0.5029734604305982 0.5690276005099395 0.7242940286790925 0.8406990174923764 1.0784933498380675 1.272554317505698 1.4610517558646279 1.7238874010214307
151 1510 -0.5871298868013155 -0.259069378926973 0.18621354625703096 0.6996394181831509 0.3192072213226979 0.45437306955003975 0.4926574007040306 0.5341469425598084 0.7040495492342005 0.9108696454983282 1.1374327301141949 1.2964232841816399 1.419404003523994 1.6879229962940436
152 1520 -0.5871298868013155 -0.259069378926973 0.18621354625703096 0.6996394181831509 0.3192072213226979 0.45437306955003975 0.4926574007040306 0.5341469425598084 0.7040495492342005 0.9108696454983282 1.1374327301141949 1.2964232841816399 1.419404003523994 1.6879229962940436
153 1530 -0.5871298868013155 -0.259069378926973 0.18621354625703096 0.6996394181831509 0.3192072213226979 0.45437306955003975 0.4926574007040306 0.5341469425598084 0.7040495492342005 0.9108696454983282 1.1374327301141949 1.2964232841816399 1.419404003523994 1.6879229962940436
154 1540 -0.5871298868013155 -0.259069378926973 0.18621354625703096 0.6996394181831509 0.3192072213226979 0.45437306955003975 0.4926574007040306 0.5341469425598084 0.7040495492342005 0.9108696454983282 1.1374327301141949 1.2964232841816399 1.419404003523994 1.6879229962940436
155 1550 -0.5871298868013155 -0.259069378926973 0.18621354625703096 0.6996394181831509 0.3192072213226979 0.45437306955003975 0.4926574007040306 0.5341469425598084 0.7040495492342005 0.9108696454983282 1.1374327301141949 1.2964232841816399 1.419404003523994 1.6879229962940436
156 1560 -0.5871298868013155 -0.259069378926973 0.18621354625703096 0.6996394181831509 0.3192072213226979 0.45437306955003975 0.4926574007040306 0.5341469425598084 0.7040495492342005 0.9108696454983282 1.1374327301141949 1.2964232841816399 1.419404003523994 1.6879229962940436
157 1570 -0.5871298868013155 -0.259069378926973 0.18621354625703096 0.6996394181831509 0.3192072213226979 0.45437306955003975 0.4926574007040306 0.5341469425598084 0.7040495492342005 0.9108696454983282 1.1374327301141949 1.2964232841816399 1.419404003523994 1.6879229962940436
158 1580 -0.5871298868013155 -0.259069378926973 0.18621354625703096 0.6996394181831509 0.3192072213226979 0.45437306955003975 0.4926574007040306 0.5341469425598084 0.7040495492342005 0.9108696454983282 1.1374327301141949 1.2964232841816399 1.419404003523994 1.6879229962940436
159 1590 -0.5871298868013155 -0.259069378926973 0.18621354625703096 0.6996394181831509 0.3192072213226979 0.45437306955003975 0.4926574007040306 0.5341469425598084 0.7040495492342005 0.9108696454983282 1.1374327301141949 1.2964232841816399 1.419404003523994 1.6879229962940436
160 1600 -0.5871298868013155 -0.259069378926973 0.18621354625703096 0.6996394181831509 0.3192072213226979 0.45437306955003975 0.4926574007040306 0.5341469425598084 0.7040495492342005 0.9108696454983282 1.1374327301141949 1.2964232841816399 1.419404003523994 1.6879229962940436
161 1610 -0.5890910964177711 -0.276700685183634 0.16767073501738194 0.693788762781244 0.31169908078499753 0.40961042119329466 0.45984621685689836 0.49812865160861935 0.6723868954156612 0.9416093228759307 1.2003125114822237 1.302805346755282 1.3544774287493124 1.7216500902845424
162 1620 -0.5890910964177711 -0.276700685183634 0.16767073501738194 0.693788762781244 0.31169908078499753 0.40961042119329466 0.45984621685689836 0.49812865160861935 0.6723868954156612 0.9416093228759307 1.2003125114822237 1.302805346755282 1.3544774287493124 1.7216500902845424
163 1630 -0.5890910964177711 -0.276700685183634 0.16767073501738194 0.693788762781244 0.31169908078499753 0.40961042119329466 0.45984621685689836 0.49812865160861935 0.6723868954156612 0.9416093228759307 1.2003125114822237 1.302805346755282 1.3544774287493124 1.7216500902845424
164 1640 -0.5890910964177711 -0.276700685183634 0.16767073501738194 0.693788762781244 0.31169908078499753 0.40961042119329466 0.45984621685689836 0.49812865160861935 0.6723868954156612 0.9416093228759307 1.2003125114822237 1.302805346755282 1.3544774287493124 1.7216500902845424
165 1650 -0.5890910964177711 -0.276700685183634 0.16767073501738194 0.693788762781244 0.31169908078499753 0.40961042119329466 0.45984621685689836 0.49812865160861935 0.6723868954156612 0.9416093228759307 1.2003125114822237 1.302805346755282 1.3544774287493124 1.7216500902845424
166 1660 -0.5890910964177711 -0.276700685183634 0.16767073501738194 0.693788762781244 0.31169908078499753 0.40961042119329466 0.45984621685689836 0.49812865160861935 0.6723868954156612 0.9416093228759307 1.2003125114822237 1.302805346755282 1.3544774287493124 1.7216500902845424
167 1670 -0.5890910964177711 -0.276700685183634 0.16767073501738194 0.693788762781244 0.31169908078499753 0.40961042119329466 0.45984621685689836 0.49812865160861935 0.6723868954156612 0.9416093228759307 1.2003125114822237 1.302805346755282 1.3544774287493124 1.7216500902845424
168 1680 -0.5890910964177711 -0.276700685183634 0.16767073501738194 0.693788762781244 0.31169908078499753 0.40961042119329466 0.45984621685689836 0.49812865160861935 0.6723868954156612 0.9416093228759307 1.2003125114822237 1.302805346755282 1.3544774287493124 1.7216500902845424
169 1690 -0.5890910964177711 -0.276700685183634 0.16767073501738194 0.693788762781244 0.31169908078499753 0.40961042119329466 0.45984621685689836 0.49812865160861935 0.6723868954156612 0.9416093228759307 1.2003125114822237 1.302805346755282 1.3544774287493124 1.7216500902845424
170 1700 -0.5890910964177711 -0.276700685183634 0.16767073501738194 0.693788762781244 0.31169908078499753 0.40961042119329466 0.45984621685689836 0.49812865160861935 0.6723868954156612 0.9416093228759307 1.2003125114822237 1.302805346755282 1.3544774287493124 1.7216500902845424
171 1710 -0.5576422292627923 -0.2328373112478203 0.21818930251544266 0.694077106806106 0.2816356170139894 0.39167838023197654 0.44665254890873934 0.5064580029208073 0.6331178572623916 0.9645820129969256 1.122920488890891 1.2836835823720398 1.4745373012797143 1.7020459217216617
172 1720 -0.5576422292627923 -0.2328373112478203 0.21818930251544266 0.694077106806106 0.2816356170139894 0.39167838023197654 0.44665254890873934 0.5064580029208073 0.6331178572623916 0.9645820129969256 1.122920488890891 1.2836835823720398 1.4745373012797143 1.7020459217216617
173 1730 -0.5576422292627923 -0.2328373112478203 0.21818930251544266 0.694077106806106 0.2816356170139894 0.39167838023197654 0.44665254890873934 0.5064580029208073 0.6331178572623916 0.9645820129969256 1.122920488890891 1.2836835823720398 1.4745373012797143 1.7020459217216617
174 1740 -0.5576422292627923 -0.2328373112478203 0.21818930251544266 0.694077106806106 0.2816356170139894 0.39167838023197654 0.44665254890873934 0.5064580029208073 0.6331178572623916 0.9645820129969256 1.122920488890891 1.2836835823720398 1.4745373012797143 1.7020459217216617
175 1750 -0.5576422292627923 -0.2328373112478203 0.21818930251544266 0.694077106806106 0.2816356170139894 0.39167838023197654 0.44665254890873934 0.5064580029208073 0.6331178572623916 0.9645820129969256 1.122920488890891 1.2836835823720398 1.4745373012797143 1.7020459217216617
176 1760 -0.5576422292627923 -0.2328373112478203 0.21818930251544266 0.694077106806106 0.2816356170139894 0.39167838023197654 0.44665254890873934 0.5064580029208073 0.6331178572623916 0.9645820129969256 1.122920488890891 1.2836835823720398 1.4745373012797143 1.7020459217216617
177 1770 -0.5576422292627923 -0.2328373112478203 0.21818930251544266 0.694077106806106 0.2816356170139894 0.39167838023197654 0.44665254890873934 0.5064580029208073 0.6331178572623916 0.9645820129969256 1.122920488890891 1.2836835823720398 1.4745373012797143 1.7020459217216617
178 1780 -0.5576422292627923 -0.2328373112478203 0.21818930251544266 0.694077106806106 0.2816356170139894 0.39167838023197654 0.44665254890873934 0.5064580029208073 0.6331178572623916 0.9645820129969256 1.122920488890891 1.2836835823720398 1.4745373012797143 1.7020459217216617
179 1790 -0.5576422292627923 -0.2328373112478203 0.21818930251544266 0.694077106806106 0.2816356170139894 0.39167838023197654 0.44665254890873934 0.5064580029208073 0.6331178572623916 0.9645820129969256 1.122920488890891 1.2836835823720398 1.4745373012797143 1.7020459217216617
180 1800 -0.5576422292627923 -0.2328373112478203 0.21818930251544266 0.694077106806106 0.2816356170139894 0.39167838023197654 0.44665254890873934 0.5064580029208073 0.6331178572623916 0.9645820129969256 1.122920488890891 1.2836835823720398 1.4745373012797143 1.7020459217216617
181 1810 -0.6442079310950015 -0.30885351407243233 0.21449633622527847 0.7399425327411299 0.2657841525625688 0.3616574421515226 0.44419173650415866 0.4643002689696668 0.5721564895691644 0.9408340904700433 1.079363640974777 1.3155245441449939 1.4574801152359245 1.7757451460944742
182 1820 -0.6442079310950015 -0.30885351407243233 0.21449633622527847 0.7399425327411299 0.2657841525625688 0.3616574421515226 0.44419173650415866 0.4643002689696668 0.5721564895691644 0.9408340904700433 1.079363640974777 1.3155245441449939 1.4574801152359245 1.7757451460944742
183 1830 -0.6442079310950015 -0.30885351407243233 0.21449633622527847 0.7399425327411299 0.2657841525625688 0.3616574421515226 0.44419173650415866 0.4643002689696668 0.5721564895691644 0.9408340904700433 1.079363640974777 1.3155245441449939 1.4574801152359245 1.7757451460944742
184 1840 -0.6442079310950015 -0.30885351407243233 0.21449633622527847 0.7399425327411299 0.2657841525625688 0.3616574421515226 0.44419173650415866 0.4643002689696668 0.5721564895691644 0.9408340904700433 1.079363640974777 1.3155245441449939 1.4574801152359245 1.7757451460944742
185 1850 -0.6442079310950015 -0.30885351407243233 0.21449633622527847 0.7399425327411299 0.2657841525625688 0.3616574421515226 0.44419173650415866 0.4643002689696668 0.5721564895691644 0.9408340904700433 1.079363640974777 1.3155245441449939 1.4574801152359245 1.7757451460944742
186 1860 -0.6442079310950015 -0.30885351407243233 0.21449633622527847 0.7399425327411299 0.2657841525625688 0.3616574421515226 0.44419173650415866 0.4643002689696668 0.5721564895691644 0.9408340904700433 1.079363640974777 1.3155245441449939 1.4574801152359245 1.7757451460944742
187 1870 -0.6442079310950015 -0.30885351407243233 0.21449633622527847 0.7399425327411299 0.2657841525625688 0.3616574421515226 0.44419173650415866 0.4643002689696668 0.5721564895691644 0.9408340904700433 1.079363640974777 1.3155245441449939 1.4574801152359245 1.7757451460944742
188 1880 -0.6442079310950015 -0.30885351407243233 0.21449633622527847 0.7399425327411299 0.2657841525625688 0.3616574421515226 0.44419173650415866 0.4643002689696668 0.5721564895691644 0.9408340904700433 1.079363640974777 1.3155245441449939 1.4574801152359245 1.7757451460944742
189 1890 -0.6442079310950015 -0.30885351407243233 0.21449633622527847 0.7399425327411299 0.2657841525625688 0.3616574421515226 0.44419173650415866 0.4643002689696668 0.5721564895691644 0.9408340904700433 1.079363640974777 1.3155245441449939 1.4574801152359245 1.7757451460944742
190 1900 -0.6442079310950015 -0.30885351407243233 0.21449633622527847 0.7399425327411299 0.2657841525625688 0.3616574421515226 0.44419173650415866 0.4643002689696668 0.5721564895691644 0.9408340904700433 1.079363640974777 1.3155245441449939 1.4574801152359245 1.7757451460944742
191 1910 -0.6092110194422344 -0.3619468388238155 0.22229685278195527 0.8193976576883537 0.26881634548029265 0.28952476250594417 0.410909444681438 0.49349527402465027 0.5570042593141489 0.9002520748722509 1.006426824182542 1.3284782681769893 1.415748305303444 1.8784910855410684
192 1920 -0.6092110194422344 -0.3619468388238155 0.22229685278195527 0.8193976576883537 0.26881634548029265 0.28952476250594417 0.410909444681438 0.49349527402465027 0.5570042593141489 0.9002520748722509 1.006426824182542 1.3284782681769893 1.415748305303444 1.8784910855410684
193 1930 -0.6092110194422344 -0.3619468388238155 0.22229685278195527 0.8193976576883537 0.26881634548029265 0.28952476250594417 0.410909444681438 0.49349527402465027 0.5570042593141489 0.9002520748722509 1.006426824182542 1.3284782681769893 1.415748305303444 1.8784910855410684
194 1940 -0.6092110194422344 -0.3619468388238155 0.22229685278195527 0.8193976576883537 0.26881634548029265 0.28952476250594417 0.410909444681438 0.49349527402465027 0.5570042593141489 0.9002520748722509 1.006426824182542 1.3284782681769893 1.415748305303444 1.8784910855410684
195 1950 -0.6092110194422344 -0.3619468388238155 0.22229685278195527 0.8193976576883537 0.26881634548029265 0.28952476250594417 0.410909444681438 0.49349527402465027 0.5570042593141489 0.9002520748722509 1.006426824182542 1.3284782681769893 1.415748305303444 1.8784910855410684
196 1960 -0.6092110194422344 -0.3619468388238155 0.22229685278195527 0.8193976576883537 0.26881634548029265 0.28952476250594417 0.410909444681438 0.49349527402465027 0.5570042593141489 0.9002520748722509 1.006426824182542 1.3284782681769893 1.415748305303444 1.8784910855410684
197 1970 -0.6092110194422344 -0.3619468388238155 0.22229685278195527 0.8193976576883537 0.26881634548029265 0.28952476250594417 0.410909444681438 0.49349527402465027 0.5570042593141489 0.9002520748722509 1.006426824182542 1.3284782681769893 1.415748305303444 1.8784910855410684
198 1980 -0.6092110194422344 -0.3619468388238155 0.22229685278195527 0.8193976576883537 0.26881634548029265 0.28952476250594417 0.410909444681438 0.49349527402465027 0.5570042593141489 0.9002520748722509 1.006426824182542 1.3284782681769893 1.415748305303444 1.8784910855410684
199 1990 -0.6092110194422344 -0.3619468388238155 0.22229685278195527 0.8193976576883537 0.26881634548029265 0.28952476250594417 0.410909444681438 0.49349527402465027 0.5570042593141489 0.9002520748722509 1.006426824182542 1.3284782681769893 1.415748305303444 1.8784910855410684
200 2000 -0.6092110194422344 -0.3619468388238155 0.22229685278195527 0.8193976576883537 0.26881634548029265 0.28952476250594417 0.410909444681438 0.49349527402465027 0.5570042593141489 0.9002520748722509 1.006426824182542 1.3284782681769893 1.415748305303444 1.8784910855410684
201 2010 -0.7092971356567959 -0.3058177811876983 0.326572427015429 0.8499368658663843 0.25492272466279536 0.2723525586683288 0.3980016240324821 0.4355090841453 0.5272270190799344 0.8424053525112314 1.0840867822514328 1.2491871036016997 1.358676603861814 1.9858084601506043
202 2020 -0.7092971356567959 -0.3058177811876983 0.326572427015429 0.8499368658663843 0.25492272466279536 0.2723525586683288 0.3980016240324821 0.4355090841453 0.5272270190799344 0.8424053525112314 1.0840867822514328 1.2491871036016997 1.358676603861814 1.9858084601506043
203 2030 -0.7092971356567959 -0.3058177811876983 0.326572427015429 0.8499368658663843 0.25492272466279536 0.2723525586683288 0.3980016240324821 0.4355090841453 0.5272270190799344 0.8424053525112314 1.0840867822514328 1.2491871036016997 1.358676603861814 1.9858084601506043
204 2040 -0.7092971356567959 -0.3058177811876983 0.326572427015429 0.8499368658663843 0.25492272466279536 0.2723525586683288 0.3980016240324821 0.4355090841453 0.5272270190799344 0.8424053525112314 1.0840867822514328 1.2491871036016997 1.358676603861814 1.9858084601506043
205 2050 -0.7092971356567959 -0.3058177811876983 0.326572427015429 0.8499368658663843 0.25492272466279536 0.2723525586683288 0.3980016240324821 0.4355090841453 0.5272270190799344 0.8424053525112314 1.0840867822514328 1.2491871036016997 1.358676603861814 1.9858084601506043
206 2060 -0.7092971356567959 -0.3058177811876983 0.326572427015429 0.8499368658663843 0.25492272466279536 0.2723525586683288 0.3980016240324821 0.4355090841453 0.5272270190799344 0.8424053525112314 1.0840867822514328 1.2491871036016997 1.358676603861814 1.9858084601506043
207 2070 -0.7092971356567959 -0.3058177811876983 0.326572427015429 0.8499368658663843 0.25492272466279536 0.2723525586683288 0.3980016240324821 0.4355090841453 0.5272270190799344 0.8424053525112314 1.0840867822514328 1.2491871036016997 1.358676603861814 1.9858084601506043
208 2080 -0.7092971356567959 -0.3058177811876983 0.326572427015429 0.8499368658663843 0.25492272466279536 0.2723525586683288 0.3980016240324821 0.4355090841453 0.5272270190799344 0.8424053525112314 1.0840867822514328 1.2491871036016997 1.358676603861814 1.9858084601506043
209 2090 -0.7092971356567959 -0.3058177811876983 0.326572427015429 0.8499368658663843 0.25492272466279536 0.2723525586683288 0.3980016240324821 0.4355090841453 0.5272270190799344 0.8424053525112314 1.0840867822514328 1.2491871036016997 1.358676603861814 1.9858084601506043
210 2100 -0.7092971356567959 -0.3058177811876983 0.326572427015429 0.8499368658663843 0.25492272466279536 0.2723525586683288 0.3980016240324821 0.4355090841453 0.5272270190799344 0.8424053525112314 1.0840867822514328 1.2491871036016997 1.358676603861814 1.9858084601506043
211 2110 -0.7407328741352548 -0.335196410457034 0.36320826164795184 0.8783727906954315 0.1975570748739158 0.2551654343325693 0.3437364970632324 0.39539694021260535 0.5106436607552408 0.7980583701429412 1.1524294909763482 1.230240523099738 1.2844015821417056 2.057289788183663
212 2120 -0.7407328741352548 -0.335196410457034 0.36320826164795184 0.8783727906954315 0.1975570748739158 0.2551654343325693 0.3437364970632324 0.39539694021260535 0.5106436607552408 0.7980583701429412 1.1524294909763482 1.230240523099738 1.2844015821417056 2.057289788183663
213 2130 -0.7407328741352548 -0.335196410457034 0.36320826164795184 0.8783727906954315 0.1975570748739158 0.2551654343325693 0.3437364970632324 0.39539694021260535 0.5106436607552408 0.7980583701429412 1.1524294909763482 1.230240523099738 1.2844015821417056 2.057289788183663
214 2140 -0.7407328741352548 -0.335196410457034 0.36320826164795184 0.8783727906954315 0.1975570748739158 0.2551654343325693 0.3437364970632324 0.39539694021260535 0.5106436607552408 0.7980583701429412 1.1524294909763482 1.230240523099738 1.2844015821417056 2.057289788183663
215 2150 -0.7407328741352548 -0.335196410457034 0.36320826164795184 0.8783727906954315 0.1975570748739158 0.2551654343325693 0.3437364970632324 0.39539694021260535 0.5106436607552408 0.7980583701429412 1.1524294909763482 1.230240523099738 1.2844015821417056 2.057289788183663
216 2160 -0.7407328741352548 -0.335196410457034 0.36320826164795184 0.8783727906954315 0.1975570748739158 0.2551654343325693 0.3437364970632324 0.39539694021260535 0.5106436607552408 0.7980583701429412 1.1524294909763482 1.230240523099738 1.2844015821417056 2.057289788183663
217 2170 -0.7407328741352548 -0.335196410457034 0.36320826164795184 0.8783727906954315 0.1975570748739158 0.2551654343325693 0.3437364970632324 0.39539694021260535 0.5106436607552408 0.7980583701429412 1.1524294909763482 1.230240523099738 1.2844015821417056 2.057289788183663
218 2180 -0.7407328741352548 -0.335196410457034 0.36320826164795184 0.8783727906954315 0.1975570748739158 0.2551654343325693 0.3437364970632324 0.39539694021260535 0.5106436607552408 0.7980583701429412 1.1524294909763482 1.230240523099738 1.2844015821417056 2.057289788183663
219 2190 -0.7407328741352548 -0.335196410457034 0.36320826164795184 0.8783727906954315 0.1975570748739158 0.2551654343325693 0.3437364970632324 0.39539694021260535 0.5106436607552408 0.7980583701429412 1.1524294909763482 1.230240523099738 1.2844015821417056 2.057289788183663
220 2200 -0.7407328741352548 -0.335196410457034 0.36320826164795184 0.8783727906954315 0.1975570748739158 0.2551654343325693 0.3437364970632324 0.39539694021260535 0.5106436607552408 0.7980583701429412 1.1524294909763482 1.230240523099738 1.2844015821417056 2.057289788183663
221 2210 -0.7005275467925076 -0.3366295900453359 0.3109358777899548 0.8673231051568479 0.17520672471401175 0.2511158532948758 0.3287807567419934 0.4051057332196001 0.4784351153882078 0.9178022805309959 1.07197621923682 1.2855331075114138 1.3692951310560124 1.9713135884258508
222 2220 -0.7005275467925076 -0.3366295900453359 0.3109358777899548 0.8673231051568479 0.17520672471401175 0.2511158532948758 0.3287807567419934 0.4051057332196001 0.4784351153882078 0.9178022805309959 1.07197621923682 1.2855331075114138 1.3692951310560124 1.9713135884258508
223 2230 -0.7005275467925076 -0.3366295900453359 0.3109358777899548 0.8673231051568479 0.17520672471401175 0.2511158532948758 0.3287807567419934 0.4051057332196001 0.4784351153882078 0.9178022805309959 1.07197621923682 1.2855331075114138 1.3692951310560124 1.9713135884258508
224 2240 -0.7005275467925076 -0.3366295900453359 0.3109358777899548 0.8673231051568479 0.17520672471401175 0.2511158532948758 0.3287807567419934 0.4051057332196001 0.4784351153882078 0.9178022805309959 1.07197621923682 1.2855331075114138 1.3692951310560124 1.9713135884258508
225 2250 -0.7005275467925076 -0.3366295900453359 0.3109358777899548 0.8673231051568479 0.17520672471401175 0.2511158532948758 0.3287807567419934 0.4051057332196001 0.4784351153882078 0.9178022805309959 1.07197621923682 1.2855331075114138 1.3692951310560124 1.9713135884258508
226 2260 -0.7005275467925076 -0.3366295900453359 0.3109358777899548 0.8673231051568479 0.17520672471401175 0.2511158532948758 0.3287807567419934 0.4051057332196001 0.4784351153882078 0.9178022805309959 1.07197621923682 1.2855331075114138 1.3692951310560124 1.9713135884258508
227 2270 -0.7005275467925076 -0.3366295900453359 0.3109358777899548 0.8673231051568479 0.17520672471401175 0.2511158532948758 0.3287807567419934 0.4051057332196001 0.4784351153882078 0.9178022805309959 1.07197621923682 1.2855331075114138 1.3692951310560124 1.9713135884258508
228 2280 -0.7005275467925076 -0.3366295900453359 0.3109358777899548 0.8673231051568479 0.17520672471401175 0.2511158532948758 0.3287807567419934 0.4051057332196001 0.4784351153882078 0.9178022805309959 1.07197621923682 1.2855331075114138 1.3692951310560124 1.9713135884258508
229 2290 -0.7005275467925076 -0.3366295900453359 0.3109358777899548 0.8673231051568479 0.17520672471401175 0.2511158532948758 0.3287807567419934 0.4051057332196001 0.4784351153882078 0.9178022805309959 1.07197621923682 1.2855331075114138 1.3692951310560124 1.9713135884258508
230 2300 -0.7005275467925076 -0.3366295900453359 0.3109358777899548 0.8673231051568479 0.17520672471401175 0.2511158532948758 0.3287807567419934 0.4051057332196001 0.4784351153882078 0.9178022805309959 1.07197621923682 1.2855331075114138 1.3692951310560124 1.9713135884258508
231 2310 -0.7030849542349197 -0.2832897599011297 0.2715391360258887 0.8590502690367707 0.20183189157022868 0.2303776221134635 0.32123258459019893 0.40841578422676644 0.4815327567620045 0.8880346784243269 1.0530890752671738 1.2276538843306404 1.5102132434212552 1.9284299639559965
232 2320 -0.7030849542349197 -0.2832897599011297 0.2715391360258887 0.8590502690367707 0.20183189157022868 0.2303776221134635 0.32123258459019893 0.40841578422676644 0.4815327567620045 0.8880346784243269 1.0530890752671738 1.2276538843306404 1.5102132434212552 1.9284299639559965
233 2330 -0.7030849542349197 -0.2832897599011297 0.2715391360258887 0.8590502690367707 0.20183189157022868 0.2303776221134635 0.32123258459019893 0.40841578422676644 0.4815327567620045 0.8880346784243269 1.0530890752671738 1.2276538843306404 1.5102132434212552 1.9284299639559965
234 2340 -0.7030849542349197 -0.2832897599011297 0.2715391360258887 0.8590502690367707 0.20183189157022868 0.2303776221134635 0.32123258459019893 0.40841578422676644 0.4815327567620045 0.8880346784243269 1.0530890752671738 1.2276538843306404 1.5102132434212552 1.9284299639559965
235 2350 -0.7030849542349197 -0.2832897599011297 0.2715391360258887 0.8590502690367707 0.20183189157022868 0.2303776221134635 0.32123258459019893 0.40841578422676644 0.4815327567620045 0.8880346784243269 1.0530890752671738 1.2276538843306404 1.5102132434212552 1.9284299639559965
236 2360 -0.7030849542349197 -0.2832897599011297 0.2715391360258887 0.8590502690367707 0.20183189157022868 0.2303776221134635 0.32123258459019893 0.40841578422676644 0.4815327567620045 0.8880346784243269 1.0530890752671738 1.2276538843306404 1.5102132434212552 1.9284299639559965
237 2370 -0.7030849542349197 -0.2832897599011297 0.2715391360258887 0.8590502690367707 0.20183189157022868 0.2303776221134635 0.32123258459019893 0.40841578422676644 0.4815327567620045 0.8880346784243269 1.0530890752671738 1.2276538843306404 1.5102132434212552 1.9284299639559965
238 2380 -0.7030849542349197 -0.2832897599011297 0.2715391360258887 0.8590502690367707 0.20183189157022868 0.2303776221134635 0.32123258459019893 0.40841578422676644 0.4815327567620045 0.8880346784243269 1.0530890752671738 1.2276538843306404 1.5102132434212552 1.9284299639559965
239 2390 -0.7030849542349197 -0.2832897599011297 0.2715391360258887 0.8590502690367707 0.20183189157022868 0.2303776221134635 0.32123258459019893 0.40841578422676644 0.4815327567620045 0.8880346784243269 1.0530890752671738 1.2276538843306404 1.5102132434212552 1.9284299639559965
240 2400 -0.7030849542349197 -0.2832897599011297 0.2715391360258887 0.8590502690367707 0.20183189157022868 0.2303776221134635 0.32123258459019893 0.40841578422676644 0.4815327567620045 0.8880346784243269 1.0530890752671738 1.2276538843306404 1.5102132434212552 1.9284299639559965
241 2410 -0.7129084689491998 -0.2873454714901166 0.2913852029492664 0.8528383861327586 0.19175708117216245 0.22669838212349427 0.3129617248859904 0.4048673245517629 0.5170840201981255 0.8262627933969977 1.1313041797663597 1.191675183485586 1.595253150792564 1.8587944697376568
242 2420 -0.7129084689491998 -0.2873454714901166 0.2913852029492664 0.8528383861327586 0.19175708117216245 0.22669838212349427 0.3129617248859904 0.4048673245517629 0.5170840201981255 0.8262627933969977 1.1313041797663597 1.191675183485586 1.595253150792564 1.8587944697376568
243 2430 -0.7129084689491998 -0.2873454714901166 0.2913852029492664 0.8528383861327586 0.19175708117216245 0.22669838212349427 0.3129617248859904 0.4048673245517629 0.5170840201981255 0.8262627933969977 1.1313041797663597 1.191675183485586 1.595253150792564 1.8587944697376568
244 2440 -0.7129084689491998 -0.2873454714901166 0.2913852029492664 0.8528383861327586 0.19175708117216245 0.22669838212349427 0.3129617248859904 0.4048673245517629 0.5170840201981255 0.8262627933969977 1.1313041797663597 1.191675183485586 1.595253150792564 1.8587944697376568
245 2450 -0.7129084689491998 -0.2873454714901166 0.2913852029492664 0.8528383861327586 0.19175708117216245 0.22669838212349427 0.3129617248859904 0.4048673245517629 0.5170840201981255 0.8262627933969977 1.1313041797663597 1.191675183485586 1.595253150792564 1.8587944697376568
246 2460 -0.7129084689491998 -0.2873454714901166 0.2913852029492664 0.8528383861327586 0.19175708117216245 0.22669838212349427 0.3129617248859904 0.4048673245517629 0.5170840201981255 0.8262627933969977 1.1313041797663597 1.191675183485586 1.595253150792564 1.8587944697376568
247 2470 -0.7129084689491998 -0.2873454714901166 0.2913852029492664 0.8528383861327586 0.19175708117216245 0.22669838212349427 0.3129617248859904 0.4048673245517629 0.5170840201981255 0.8262627933969977 1.1313041797663597 1.191675183485586 1.595253150792564 1.8587944697376568
248 2480 -0.7129084689491998 -0.2873454714901166 0.2913852029492664 0.8528383861327586 0.19175708117216245 0.22669838212349427 0.3129617248859904 0.4048673245517629 0.5170840201981255 0.8262627933969977 1.1313041797663597 1.191675183485586 1.595253150792564 1.8587944697376568
249 2490 -0.7129084689491998 -0.2873454714901166 0.2913852029492664 0.8528383861327586 0.19175708117216245 0.22669838212349427 0.3129617248859904 0.4048673245517629 0.5170840201981255 0.8262627933969977 1.1313041797663597 1.191675183485586 1.595253150792564 1.8587944697376568
250 2500 -0.7129084689491998 -0.2873454714901166 0.2913852029492664 0.8528383861327586 0.19175708117216245 0.22669838212349427 0.3129617248859904 0.4048673245517629 0.5170840201981255 0.8262627933969977 1.1313041797663597 1.191675183485586 1.595253150792564 1.8587944697376568
251 2510 -0.7227265967000993 -0.3121366672663158 0.2706930376549929 0.8429925516861603 0.19325499581000669 0.23384125496514344 0.2987115752203889 0.34724743184413176 0.5073404597454149 0.9092734239714646 1.0628380923266703 1.271570270374366 1.5397244082462558 1.8699523715839697
252 2520 -0.7227265967000993 -0.3121366672663158 0.2706930376549929 0.8429925516861603 0.19325499581000669 0.23384125496514344 0.2987115752203889 0.34724743184413176 0.5073404597454149 0.9092734239714646 1.0628380923266703 1.271570270374366 1.5397244082462558 1.8699523715839697
253 2530 -0.7227265967000993 -0.3121366672663158 0.2706930376549929 0.8429925516861603 0.19325499581000669 0.23384125496514344 0.2987115752203889 0.34724743184413176 0.5073404597454149 0.9092734239714646 1.0628380923266703 1.271570270374366 1.5397244082462558 1.8699523715839697
254 2540 -0.7227265967000993 -0.3121366672663158 0.2706930376549929 0.8429925516861603 0.19325499581000669 0.23384125496514344 0.2987115752203889 0.34724743184413176 0.5073404597454149 0.9092734239714646 1.0628380923266703 1.271570270374366 1.5397244082462558 1.8699523715839697
255 2550 -0.7227265967000993 -0.3121366672663158 0.2706930376549929 0.8429925516861603 0.19325499581000669 0.23384125496514344 0.2987115752203889 0.34724743184413176 0.5073404597454149 0.9092734239714646 1.0628380923266703 1.271570270374366 1.5397244082462558 1.8699523715839697
256 2560 -0.7227265967000993 -0.3121366672663158 0.2706930376549929 0.8429925516861603 0.19325499581000669 0.23384125496514344 0.2987115752203889 0.34724743184413176 0.5073404597454149 0.9092734239714646 1.0628380923266703 1.271570270374366 1.5397244082462558 1.8699523715839697
257 2570 -0.7227265967000993 -0.3121366672663158 0.2706930376549929 0.8429925516861603 0.19325499581000669 0.23384125496514344 0.2987115752203889 0.34724743184413176 0.5073404597454149 0.9092734239714646 1.0628380923266703 1.271570270374366 1.5397244082462558 1.8699523715839697
258 2580 -0.7227265967000993 -0.3121366672663158 0.2706930376549929 0.8429925516861603 0.19325499581000669 0.23384125496514344 0.2987115752203889 0.34724743184413176 0.5073404597454149 0.9092734239714646 1.0628380923266703 1.271570270374366 1.5397244082462558 1.8699523715839697
259 2590 -0.7227265967000993 -0.3121366672663158 0.2706930376549929 0.8429925516861603 0.19325499581000669 0.23384125496514344 0.2987115752203889 0.34724743184413176 0.5073404597454149 0.9092734239714646 1.0628380923266703 1.271570270374366 1.5397244082462558 1.8699523715839697
260 2600 -0.7227265967000993 -0.3121366672663158 0.2706930376549929 0.8429925516861603 0.19325499581000669 0.23384125496514344 0.2987115752203889 0.34724743184413176 0.5073404597454149 0.9092734239714646 1.0628380923266703 1.271570270374366 1.5397244082462558 1.8699523715839697
261 2610 -0.7511450073857961 -0.3292727044490446 0.28349156311900986 0.8401952536501962 0.18453520206066856 0.21286767763854864 0.332949396862958 0.3599981460910911 0.5597869648400794 0.8922405626336596 1.0219163595234102 1.2657281491665975 1.5035885059379146 1.914044484514448
262 2620 -0.7511450073857961 -0.3292727044490446 0.28349156311900986 0.8401952536501962 0.18453520206066856 0.21286767763854864 0.332949396862958 0.3599981460910911 0.5597869648400794 0.8922405626336596 1.0219163595234102 1.2657281491665975 1.5035885059379146 1.914044484514448
263 2630 -0.7511450073857961 -0.3292727044490446 0.28349156311900986 0.8401952536501962 0.18453520206066856 0.21286767763854864 0.332949396862958 0.3599981460910911 0.5597869648400794 0.8922405626336596 1.0219163595234102 1.2657281491665975 1.5035885059379146 1.914044484514448
264 2640 -0.7511450073857961 -0.3292727044490446 0.28349156311900986 0.8401952536501962 0.18453520206066856 0.21286767763854864 0.332949396862958 0.3599981460910911 0.5597869648400794 0.8922405626336596 1.0219163595234102 1.2657281491665975 1.5035885059379146 1.914044484514448
265 2650 -0.7511450073857961 -0.3292727044490446 0.28349156311900986 0.8401952536501962 0.18453520206066856 0.21286767763854864 0.332949396862958 0.3599981460910911 0.5597869648400794 0.8922405626336596 1.0219163595234102 1.2657281491665975 1.5035885059379146 1.914044484514448
266 2660 -0.7511450073857961 -0.3292727044490446 0.28349156311900986 0.8401952536501962 0.18453520206066856 0.21286767763854864 0.332949396862958 0.3599981460910911 0.5597869648400794 0.8922405626336596 1.0219163595234102 1.2657281491665975 1.5035885059379146 1.914044484514448
267 2670 -0.7511450073857961 -0.3292727044490446 0.28349156311900986 0.8401952536501962 0.18453520206066856 0.21286767763854864 0.332949396862958 0.3599981460910911 0.5597869648400794 0.8922405626336596 1.0219163595234102 1.2657281491665975 1.5035885059379146 1.914044484514448
268 2680 -0.7511450073857961 -0.3292727044490446 0.28349156311900986 0.8401952536501962 0.18453520206066856 0.21286767763854864 0.332949396862958 0.3599981460910911 0.5597869648400794 0.8922405626336596 1.0219163595234102 1.2657281491665975 1.5035885059379146 1.914044484514448
269 2690 -0.7511450073857961 -0.3292727044490446 0.28349156311900986 0.8401952536501962 0.18453520206066856 0.21286767763854864 0.332949396862958 0.3599981460910911 0.5597869648400794 0.8922405626336596 1.0219163595234102 1.2657281491665975 1.5035885059379146 1.914044484514448
270 2700 -0.7511450073857961 -0.3292727044490446 0.28349156311900986 0.8401952536501962 0.18453520206066856 0.21286767763854864 0.332949396862958 0.3599981460910911 0.5597869648400794 0.8922405626336596 1.0219163595234102 1.2657281491665975 1.5035885059379146 1.914044484514448
271 2710 -0.7966612366631967 -0.35101912092791393 0.2814934003555193 0.8551612167519524 0.18009453111135756 0.2037713094357182 0.27298728582388876 0.31175497058447865 0.5172237664273284 0.8770035630802417 0.9642284306355204 1.3516077432514513 1.493335072818555 1.931591240770981
272 2720 -0.7966612366631967 -0.35101912092791393 0.2814934003555193 0.8551612167519524 0.18009453111135756 0.2037713094357182 0.27298728582388876 0.31175497058447865 0.5172237664273284 0.8770035630802417 0.9642284306355204 1.3516077432514513 1.493335072818555 1.931591240770981
273 2730 -0.7966612366631967 -0.35101912092791393 0.2814934003555193 0.8551612167519524 0.18009453111135756 0.2037713094357182 0.27298728582388876 0.31175497058447865 0.5172237664273284 0.8770035630802417 0.9642284306355204 1.3516077432514513 1.493335072818555 1.931591240770981
274 2740 -0.7966612366631967 -0.35101912092791393 0.2814934003555193 0.8551612167519524 0.18009453111135756 0.2037713094357182 0.27298728582388876 0.31175497058447865 0.5172237664273284 0.8770035630802417 0.9642284306355204 1.3516077432514513 1.493335072818555 1.931591240770981
275 2750 -0.7966612366631967 -0.35101912092791393 0.2814934003555193 0.8551612167519524 0.18009453111135756 0.2037713094357182 0.27298728582388876 0.31175497058447865 0.5172237664273284 0.8770035630802417 0.9642284306355204 1.3516077432514513 1.493335072818555 1.931591240770981
276 2760 -0.7966612366631967 -0.35101912092791393 0.2814934003555193 0.8551612167519524 0.18009453111135756 0.2037713094357182 0.27298728582388876 0.31175497058447865 0.5172237664273284 0.8770035630802417 0.9642284306355204 1.3516077432514513 1.493335072818555 1.931591240770981
277 2770 -0.7966612366631967 -0.35101912092791393 0.2814934003555193 0.8551612167519524 0.18009453111135756 0.2037713094357182 0.27298728582388876 0.31175497058447865 0.5172237664273284 0.8770035630802417 0.9642284306355204 1.3516077432514513 1.493335072818555 1.931591240770981
278 2780 -0.7966612366631967 -0.35101912092791393 0.2814934003555193 0.8551612167519524 0.18009453111135756 0.2037713094357182 0.27298728582388876 0.31175497058447865 0.5172237664273284 0.8770035630802417 0.9642284306355204 1.3516077432514513 1.493335072818555 1.931591240770981
279 2790 -0.7966612366631967 -0.35101912092791393 0.2814934003555193 0.8551612167519524 0.18009453111135756 0.2037713094357182 0.27298728582388876 0.31175497058447865 0.5172237664273284 0.8770035630802417 0.9642284306355204 1.3516077432514513 1.493335072818555 1.931591240770981
280 2800 -0.7966612366631967 -0.35101912092791393 0.2814934003555193 0.8551612167519524 0.18009453111135756 0.2037713094357182 0.27298728582388876 0.31175497058447865 0.5172237664273284 0.8770035630802417 0.9642284306355204 1.3516077432514513 1.493335072818555 1.931591240770981
281 2810 -0.7649768454198163 -0.3191149395823969 0.2412910655239685 0.8349937582086737 0.1624208696369358 0.2108666152344337 0.3162784823816906 0.33652764516007055 0.5888708968444961 0.8892180758176305 0.9855446161312782 1.2895222422603636 1.5509248585064224 1.8811858912391801
282 2820 -0.7649768454198163 -0.3191149395823969 0.2412910655239685 0.8349937582086737 0.1624208696369358 0.2108666152344337 0.3162784823816906 0.33652764516007055 0.5888708968444961 0.8892180758176305 0.9855446161312782 1.2895222422603636 1.5509248585064224 1.8811858912391801
283 2830 -0.7649768454198163 -0.3191149395823969 0.2412910655239685 0.8349937582086737 0.1624208696369358 0.2108666152344337 0.3162784823816906 0.33652764516007055 0.5888708968444961 0.8892180758176305 0.9855446161312782 1.2895222422603636 1.5509248585064224 1.8811858912391801
284 2840 -0.7649768454198163 -0.3191149395823969 0.2412910655239685 0.8349937582086737 0.1624208696369358 0.2108666152344337 0.3162784823816906 0.33652764516007055 0.5888708968444961 0.8892180758176305 0.9855446161312782 1.2895222422603636 1.5509248585064224 1.8811858912391801
285 2850 -0.7649768454198163 -0.3191149395823969 0.2412910655239685 0.8349937582086737 0.1624208696369358 0.2108666152344337 0.3162784823816906 0.33652764516007055 0.5888708968444961 0.8892180758176305 0.9855446161312782 1.2895222422603636 1.5509248585064224 1.8811858912391801
286 2860 -0.7649768454198163 -0.3191149395823969 0.2412910655239685 0.8349937582086737 0.1624208696369358 0.2108666152344337 0.3162784823816906 0.33652764516007055 0.5888708968444961 0.8892180758176305 0.9855446161312782 1.2895222422603636 1.5509248585064224 1.8811858912391801
287 2870 -0.7649768454198163 -0.3191149395823969 0.2412910655239685 0.8349937582086737 0.1624208696369358 0.2108666152344337 0.3162784823816906 0.33652764516007055 0.5888708968444961 0.8892180758176305 0.9855446161312782 1.2895222422603636 1.5509248585064224 1.8811858912391801
288 2880 -0.7649768454198163 -0.3191149395823969 0.2412910655239685 0.8349937582086737 0.1624208696369358 0.2108666152344337 0.3162784823816906 0.33652764516007055 0.5888708968444961 0.8892180758176305 0.9855446161312782 1.2895222422603636 1.5509248585064224 1.8811858912391801
289 2890 -0.7649768454198163 -0.3191149395823969 0.2412910655239685 0.8349937582086737 0.1624208696369358 0.2108666152344337 0.3162784823816906 0.33652764516007055 0.5888708968444961 0.8892180758176305 0.9855446161312782 1.2895222422603636 1.5509248585064224 1.8811858912391801
290 2900 -0.7649768454198163 -0.3191149395823969 0.2412910655239685 0.8349937582086737 0.1624208696369358 0.2108666152344337 0.3162784823816906 0.33652764516007055 0.5888708968444961 0.8892180758176305 0.9855446161312782 1.2895222422603636 1.5509248585064224 1.8811858912391801
291 2910 -0.8133201559777578 -0.37512083676194896 0.23548184989230272 0.8885295700293652 0.1445516904333621 0.19079313371582635 0.28119660125642576 0.3405637510052997 0.5848015785827176 0.8390431922666548 0.9300649038887534 1.3520360773516538 1.5332738666613486 1.9125141037305429
292 2920 -0.8133201559777578 -0.37512083676194896 0.23548184989230272 0.8885295700293652 0.1445516904333621 0.19079313371582635 0.28119660125642576 0.3405637510052997 0.5848015785827176 0.8390431922666548 0.9300649038887534 1.3520360773516538 1.5332738666613486 1.9125141037305429
293 2930 -0.8133201559777578 -0.37512083676194896 0.23548184989230272 0.8885295700293652 0.1445516904333621 0.19079313371582635 0.28119660125642576 0.3405637510052997 0.5848015785827176 0.8390431922666548 0.9300649038887534 1.3520360773516538 1.5332738666613486 1.9125141037305429
294 2940 -0.8133201559777578 -0.37512083676194896 0.23548184989230272 0.8885295700293652 0.1445516904333621 0.19079313371582635 0.28119660125642576 0.3405637510052997 0.5848015785827176 0.8390431922666548 0.9300649038887534 1.3520360773516538 1.5332738666613486 1.9125141037305429
295 2950 -0.8133201559777578 -0.37512083676194896 0.23548184989230272 0.8885295700293652 0.1445516904333621 0.19079313371582635 0.28119660125642576 0.3405637510052997 0.5848015785827176 0.8390431922666548 0.9300649038887534 1.3520360773516538 1.5332738666613486 1.9125141037305429
296 2960 -0.8133201559777578 -0.37512083676194896 0.23548184989230272 0.8885295700293652 0.1445516904333621 0.19079313371582635 0.28119660125642576 0.3405637510052997 0.5848015785827176 0.8390431922666548 0.9300649038887534 1.3520360773516538 1.5332738666613486 1.9125141037305429
297 2970 -0.8133201559777578 -0.37512083676194896 0.23548184989230272 0.8885295700293652 0.1445516904333621 0.19079313371582635 0.28119660125642576 0.3405637510052997 0.5848015785827176 0.8390431922666548 0.9300649038887534 1.3520360773516538 1.5332738666613486 1.9125141037305429
298 2980 -0.8133201559777578 -0.37512083676194896 0.23548184989230272 0.8885295700293652 0.1445516904333621 0.19079313371582635 0.28119660125642576 0.3405637510052997 0.5848015785827176 0.8390431922666548 0.9300649038887534 1.3520360773516538 1.5332738666613486 1.9125141037305429
299 2990 -0.8133201559777578 -0.37512083676194896 0.23548184989230272 0.8885295700293652 0.1445516904333621 0.19079313371582635 0.28119660125642576 0.3405637510052997 0.5848015785827176 0.8390431922666548 0.9300649038887534 1.3520360773516538 1.5332738666613486 1.9125141037305429
300 3000 -0.8133201559777578 -0.37512083676194896 0.23548184989230272 0.8885295700293652 0.1445516904333621 0.19079313371582635 0.28119660125642576 0.3405637510052997 0.5848015785827176 0.8390431922666548 0.9300649038887534 1.3520360773516538 1.5332738666613486 1.9125141037305429
301 3010 -0.7453481762313999 -0.38717968291950855 0.26532785693153205 0.9110648495395613 0.13140481043616925 0.1841224997511487 0.272405718314524 0.35330578541963487 0.5207276319209299 0.8572687875898939 0.9552330005568989 1.380920860812074 1.5768302857820338 1.8541651834014168
302 3020 -0.7453481762313999 -0.38717968291950855 0.26532785693153205 0.9110648495395613 0.13140481043616925 0.1841224997511487 0.272405718314524 0.35330578541963487 0.5207276319209299 0.8572687875898939 0.9552330005568989 1.380920860812074 1.5768302857820338 1.8541651834014168
303 3030 -0.7453481762313999 -0.38717968291950855 0.26532785693153205 0.9110648495395613 0.13140481043616925 0.1841224997511487 0.272405718314524 0.35330578541963487 0.5207276319209299 0.8572687875898939 0.9552330005568989 1.380920860812074 1.5768302857820338 1.8541651834014168
304 3040 -0.7453481762313999 -0.38717968291950855 0.26532785693153205 0.9110648495395613 0.13140481043616925 0.1841224997511487 0.272405718314524 0.35330578541963487 0.5207276319209299 0.8572687875898939 0.9552330005568989 1.380920860812074 1.5768302857820338 1.8541651834014168
305 3050 -0.7453481762313999 -0.38717968291950855 0.26532785693153205 0.9110648495395613 0.13140481043616925 0.1841224997511487 0.272405718314524 0.35330578541963487 0.5207276319209299 0.8572687875898939 0.9552330005568989 1.380920860812074 1.5768302857820338 1.8541651834014168
306 3060 -0.7453481762313999 -0.38717968291950855 0.26532785693153205 0.9110648495395613 0.13140481043616925 0.1841224997511487 0.272405718314524 0.35330578541963487 0.5207276319209299 0.8572687875898939 0.9552330005568989 1.380920860812074 1.5768302857820338 1.8541651834014168
307 3070 -0.7453481762313999 -0.38717968291950855 0.26532785693153205 0.9110648495395613 0.13140481043616925 0.1841224997511487 0.272405718314524 0.35330578541963487 0.5207276319209299 0.8572687875898939 0.9552330005568989 1.380920860812074 1.5768302857820338 1.8541651834014168
308 3080 -0.7453481762313999 -0.38717968291950855 0.26532785693153205 0.9110648495395613 0.13140481043616925 0.1841224997511487 0.272405718314524 0.35330578541963487 0.5207276319209299 0.8572687875898939 0.9552330005568989 1.380920860812074 1.5768302857820338 1.8541651834014168
309 3090 -0.7453481762313999 -0.38717968291950855 0.26532785693153205 0.9110648495395613 0.13140481043616925 0.1841224997511487 0.272405718314524 0.35330578541963487 0.5207276319209299 0.8572687875898939 0.9552330005568989 1.380920860812074 1.5768302857820338 1.8541651834014168
310 3100 -0.7453481762313999 -0.38717968291950855 0.26532785693153205 0.9110648495395613 0.13140481043616925 0.1841224997511487 0.272405718314524 0.35330578541963487 0.5207276319209299 0.8572687875898939 0.9552330005568989 1.380920860812074 1.5768302857820338 1.8541651834014168
311 3110 -0.7156953794838536 -0.382618043181068 0.27622283771775846 0.9323123659464321 0.12133019351368718 0.18891251974991635 0.23000677474944806 0.3147733977620694 0.4499375298314943 0.7818868761701527 0.9292783857741467 1.4854107557949292 1.5749163994168462 1.852957007306423
312 3120 -0.7156953794838536 -0.382618043181068 0.27622283771775846 0.9323123659464321 0.12133019351368718 0.18891251974991635 0.23000677474944806 0.3147733977620694 0.4499375298314943 0.7818868761701527 0.9292783857741467 1.4854107557949292 1.5749163994168462 1.852957007306423
313 3130 -0.7156953794838536 -0.382618043181068 0.27622283771775846 0.9323123659464321 0.12133019351368718 0.18891251974991635 0.23000677474944806 0.3147733977620694 0.4499375298314943 0.7818868761701527 0.9292783857741467 1.4854107557949292 1.5749163994168462 1.852957007306423
314 3140 -0.7156953794838536 -0.382618043181068 0.27622283771775846 0.9323123659464321 0.12133019351368718 0.18891251974991635 0.23000677474944806 0.3147733977620694 0.4499375298314943 0.7818868761701527 0.9292783857741467 1.4854107557949292 1.5749163994168462 1.852957007306423
315 3150 -0.7156953794838536 -0.382618043181068 0.27622283771775846 0.9323123659464321 0.12133019351368718 0.18891251974991635 0.23000677474944806 0.3147733977620694 0.4499375298314943 0.7818868761701527 0.9292783857741467 1.4854107557949292 1.5749163994168462 1.852957007306423
316 3160 -0.7156953794838536 -0.382618043181068 0.27622283771775846 0.9323123659464321 0.12133019351368718 0.18891251974991635 0.23000677474944806 0.3147733977620694 0.4499375298314943 0.7818868761701527 0.9292783857741467 1.4854107557949292 1.5749163994168462 1.852957007306423
317 3170 -0.7156953794838536 -0.382618043181068 0.27622283771775846 0.9323123659464321 0.12133019351368718 0.18891251974991635 0.23000677474944806 0.3147733977620694 0.4499375298314943 0.7818868761701527 0.9292783857741467 1.4854107557949292 1.5749163994168462 1.852957007306423
318 3180 -0.7156953794838536 -0.382618043181068 0.27622283771775846 0.9323123659464321 0.12133019351368718 0.18891251974991635 0.23000677474944806 0.3147733977620694 0.4499375298314943 0.7818868761701527 0.9292783857741467 1.4854107557949292 1.5749163994168462 1.852957007306423
319 3190 -0.7156953794838536 -0.382618043181068 0.27622283771775846 0.9323123659464321 0.12133019351368718 0.18891251974991635 0.23000677474944806 0.3147733977620694 0.4499375298314943 0.7818868761701527 0.9292783857741467 1.4854107557949292 1.5749163994168462 1.852957007306423
320 3200 -0.7156953794838536 -0.382618043181068 0.27622283771775846 0.9323123659464321 0.12133019351368718 0.18891251974991635 0.23000677474944806 0.3147733977620694 0.4499375298314943 0.7818868761701527 0.9292783857741467 1.4854107557949292 1.5749163994168462 1.852957007306423
321 3210 -0.7409035516365898 -0.3984881892315123 0.23326071847598417 0.9373025881135899 0.12145502292487409 0.1880045505442025 0.19776807161711843 0.33991839852208294 0.42223980395820276 0.804392135100796 0.9551902303718691 1.42542314658611 1.5973294606205537 1.8639292236374445
322 3220 -0.7409035516365898 -0.3984881892315123 0.23326071847598417 0.9373025881135899 0.12145502292487409 0.1880045505442025 0.19776807161711843 0.33991839852208294 0.42223980395820276 0.804392135100796 0.9551902303718691 1.42542314658611 1.5973294606205537 1.8639292236374445
323 3230 -0.7409035516365898 -0.3984881892315123 0.23326071847598417 0.9373025881135899 0.12145502292487409 0.1880045505442025 0.19776807161711843 0.33991839852208294 0.42223980395820276 0.804392135100796 0.9551902303718691 1.42542314658611 1.5973294606205537 1.8639292236374445
324 3240 -0.7409035516365898 -0.3984881892315123 0.23326071847598417 0.9373025881135899 0.12145502292487409 0.1880045505442025 0.19776807161711843 0.33991839852208294 0.42223980395820276 0.804392135100796 0.9551902303718691 1.42542314658611 1.5973294606205537 1.8639292236374445
325 3250 -0.7409035516365898 -0.3984881892315123 0.23326071847598417 0.9373025881135899 0.12145502292487409 0.1880045505442025 0.19776807161711843 0.33991839852208294 0.42223980395820276 0.804392135100796 0.9551902303718691 1.42542314658611 1.5973294606205537 1.8639292236374445
326 3260 -0.7409035516365898 -0.3984881892315123 0.23326071847598417 0.9373025881135899 0.12145502292487409 0.1880045505442025 0.19776807161711843 0.33991839852208294 0.42223980395820276 0.804392135100796 0.9551902303718691 1.42542314658611 1.5973294606205537 1.8639292236374445
327 3270 -0.7409035516365898 -0.3984881892315123 0.23326071847598417 0.9373025881135899 0.12145502292487409 0.1880045505442025 0.19776807161711843 0.33991839852208294 0.42223980395820276 0.804392135100796 0.9551902303718691 1.42542314658611 1.5973294606205537 1.8639292236374445
328 3280 -0.7409035516365898 -0.3984881892315123 0.23326071847598417 0.9373025881135899 0.12145502292487409 0.1880045505442025 0.19776807161711843 0.33991839852208294 0.42223980395820276 0.804392135100796 0.9551902303718691 1.42542314658611 1.5973294606205537 1.8639292236374445
329 3290 -0.7409035516365898 -0.3984881892315123 0.23326071847598417 0.9373025881135899 0.12145502292487409 0.1880045505442025 0.19776807161711843 0.33991839852208294 0.42223980395820276 0.804392135100796 0.9551902303718691 1.42542314658611 1.5973294606205537 1.8639292236374445
330 3300 -0.7409035516365898 -0.3984881892315123 0.23326071847598417 0.9373025881135899 0.12145502292487409 0.1880045505442025 0.19776807161711843 0.33991839852208294 0.42223980395820276 0.804392135100796 0.9551902303718691 1.42542314658611 1.5973294606205537 1.8639292236374445
331 3310 -0.6842783611844068 -0.3865893017080623 0.22471923578698325 0.9359492599954056 0.09660103737407592 0.1634725812949471 0.20202592245875978 0.28772794171197524 0.4244351297918834 0.809321886485629 0.9506458435130828 1.455067778210663 1.6643782703853331 1.7927886745802752
332 3320 -0.6842783611844068 -0.3865893017080623 0.22471923578698325 0.9359492599954056 0.09660103737407592 0.1634725812949471 0.20202592245875978 0.28772794171197524 0.4244351297918834 0.809321886485629 0.9506458435130828 1.455067778210663 1.6643782703853331 1.7927886745802752
333 3330 -0.6842783611844068 -0.3865893017080623 0.22471923578698325 0.9359492599954056 0.09660103737407592 0.1634725812949471 0.20202592245875978 0.28772794171197524 0.4244351297918834 0.809321886485629 0.9506458435130828 1.455067778210663 1.6643782703853331 1.7927886745802752
334 3340 -0.6842783611844068 -0.3865893017080623 0.22471923578698325 0.9359492599954056 0.09660103737407592 0.1634725812949471 0.20202592245875978 0.28772794171197524 0.4244351297918834 0.809321886485629 0.9506458435130828 1.455067778210663 1.6643782703853331 1.7927886745802752
335 3350 -0.6842783611844068 -0.3865893017080623 0.22471923578698325 0.9359492599954056 0.09660103737407592 0.1634725812949471 0.20202592245875978 0.28772794171197524 0.4244351297918834 0.809321886485629 0.9506458435130828 1.455067778210663 1.6643782703853331 1.7927886745802752
