% # columns="iteration, evaluation, void, void, void, xmean", seed=1234, Thu Jul 14 17:19:33 2022, <python>{}</python> # scaling_of_variables: 1, typical_x: 0
1 10 0 0 0 9.767638084728773 34.72034053891443 12.402961990181373 36.863853514150506 12.729638861086555 36.83229037540166 12.343478852958158 38.5630804869087 12.796962665074078 39.2751657375573
2 20 0 0 0 9.811510225169165 34.75899654703941 12.556697021680046 36.92818262957117 12.735845441902113 36.79447524628537 12.27337025454293 38.43145339550284 12.885369679731806 39.2288913299302
3 30 0 0 0 9.787603176877667 34.81114240890427 12.64298911818787 36.882245964049936 12.670639998933732 36.69660772305132 12.134577327123127 38.42673742658037 12.941738385278898 39.15638196032664
4 40 0 0 0 9.792534992858355 34.734542278885556 12.694259734392649 36.911361457816724 12.557644111184882 36.494203421315284 12.133243984276149 38.31232657521106 12.98627889416707 39.17431062222344
5 50 0 0 0 9.897043342815612 34.70546023972439 12.674928343519785 36.84448297774562 12.522806889571603 36.58338966803253 11.952624867097347 38.3515666512092 12.95041509714255 39.106457993247815
6 60 0 0 0 9.997132064668568 34.770930409605754 12.824182808511623 36.85812309981881 12.429312161472637 36.459037501895494 11.92902519927539 38.29413386421922 12.999771673753703 39.191540056469535
7 70 0 0 0 10.120311530982326 34.81502548393104 12.799951898884242 36.686895103543186 12.464874424226997 36.49548525689014 12.087029987649926 38.321944646815155 12.996621746102816 39.234497761558664
8 80 0 0 0 10.240768792130137 34.88266807342184 12.70051652795884 36.577803388491866 12.491400468403443 36.68954545536848 12.059267313068384 38.3771199404007 12.88431772276906 39.23515736324023
9 90 0 0 0 10.100708186695966 34.87022498719473 12.78318456988588 36.55709807147649 12.348602687229166 36.6371982901827 12.00135328311555 38.241694298213226 12.855313143110985 39.252030512951066
10 100 0 0 0 9.96838033501897 34.87440479754865 12.834236830716574 36.575464534116506 12.457117991795414 36.67760283330716 12.02920179234687 38.263867515947325 12.854575917087539 39.31745554875532
11 110 0 0 0 9.960597638754113 34.997350265190406 12.764992227292383 36.61895350613366 12.442428970160375 36.71628377144295 11.918677308786059 38.30911817639114 12.987937006886192 39.38429996435436
12 120 0 0 0 9.881571307097227 34.964539128737485 12.781092105034112 36.64950520132229 12.454633227817038 36.738391577929654 12.091860188920757 38.37231102906965 13.005717210539707 39.36056652775952
13 130 0 0 0 9.909754759743738 35.05015105624396 12.770413666327167 36.746354755745784 12.432068925950837 36.661267335966755 12.043714733838748 38.359187222092885 13.129293284720259 39.42541166848247
14 140 0 0 0 9.98002666073563 34.93059020409678 12.847889126246903 36.675378142935614 12.428337764606596 36.68831819077885 11.864492311339049 38.366637822922236 13.165112591671198 39.38380628120904
15 150 0 0 0 9.977669174232593 34.861857921756055 12.80650223532778 36.70249686797352 12.391204860772486 36.760913398106275 11.928261684110856 38.343640029062925 13.128469206987582 39.34294348504362
16 160 0 0 0 9.932100605229696 34.816374858623504 12.845692635017125 36.61733680126019 12.403873104253135 36.86281423920625 11.872183578778523 38.35460067844721 13.114474628517916 39.318637340212675
17 170 0 0 0 9.935250122374567 34.714834946199936 12.959223345639098 36.592963272071486 12.402449020878633 36.74879223149749 11.813797409363461 38.25016455160648 13.137771169298349 39.286729725734645
18 180 0 0 0 9.92078052714563 34.687606201079504 12.916293079141079 36.58382413972915 12.423928407754422 36.67098411866695 11.853972556650785 38.235485643328865 13.140525995397919 39.174481322653904
19 190 0 0 0 9.852457509498354 34.562507235468445 12.96367969020926 36.67107279282421 12.450637033165016 36.58175114232127 11.873055092069196 38.185823141425395 13.063121985369252 39.197172366933856
20 200 0 0 0 9.81067803160326 34.670949351467556 12.938631073116152 36.69301104451794 12.492489215616363 36.63087591892926 12.024487471265703 38.203001363350616 13.199377653277148 39.15488616026243
21 210 0 0 0 9.846777607312928 34.749614628251486 12.882986556971879 36.67264004247841 12.566972530326746 36.59215951579933 12.040645469926604 38.35122670940137 13.091540369266395 39.23731900758543
22 220 0 0 0 9.793358852220079 34.77747895112991 12.864734468552832 36.66524195029383 12.50596644333217 36.65157320366642 11.994468331105224 38.329486644758404 13.177048083868891 39.23071895926924
23 230 0 0 0 9.862121651532664 34.75111068682507 12.857944638185819 36.674640041733845 12.456456680533423 36.57667352466093 12.079581770436564 38.28444333884286 13.1332056286913 39.19291263029725
24 240 0 0 0 9.86313802940587 34.70461452548352 12.940666403338655 36.69552572464943 12.493809861381987 36.68093357712221 12.0342568518138 38.342452001931065 13.119490852823917 39.18775611585207
25 250 0 0 0 9.911335043494958 34.801969463735745 12.94293713695441 36.72478013642145 12.551315800486005 36.61348615433846 12.063322643919927 38.34172515307226 13.133895842019385 39.18009842214579
26 260 0 0 0 9.946973595975589 34.79603934651846 12.899682105109886 36.75016297944028 12.525567340431625 36.636489253840836 11.960643424692933 38.37630416071385 13.135635339351229 39.22877872737948
27 270 0 0 0 9.905298975860783 34.86482915548919 12.931117050321868 36.679001030912524 12.507656522775067 36.62771452493724 11.996496934817253 38.39608036464434 13.166389864341786 39.23481083994095
28 280 0 0 0 9.946779512431274 34.87677678036906 12.928978743992293 36.67929023203854 12.51484178149046 36.652753347248904 11.879240114351859 38.40715869081865 13.164445119677962 39.23722847161461
29 290 0 0 0 9.923018338073133 34.86383957427908 12.91807631210696 36.67705520443899 12.498305199907742 36.64566285370853 11.81115747838664 38.36996941278802 13.158672230869362 39.22750250854478
30 300 0 0 0 9.868587380371176 34.830233956242154 12.846102953358717 36.7134109866852 12.548211918970043 36.64861841991037 11.902347184277104 38.392801307325 13.13212602913196 39.2763261381712
31 310 0 0 0 9.803258318361511 34.81808584377979 12.882380226328339 36.70489016077471 12.552923233773841 36.674624763763354 11.871063065378975 38.3551491799198 13.089949638005642 39.28871052589512
32 320 0 0 0 9.807564168945966 34.82967221590434 12.838352501755315 36.699294625952085 12.5644428593244 36.6721280004387 11.888625450193368 38.33180692499078 13.067250699897885 39.24973948648896
33 330 0 0 0 9.83705645073681 34.831547685888616 12.782714354182014 36.70490083180917 12.55646584232527 36.66015271322219 11.897044854635137 38.370919829677845 13.023292105476706 39.21909729962332
34 340 0 0 0 9.8631006959317 34.816561258265466 12.788528271296254 36.70491363919357 12.571147050809149 36.648845381138585 11.903081724988004 38.36518458255738 12.9915146176366 39.21273794226297
35 350 0 0 0 9.878565973826504 34.8066561934911 12.775276881876461 36.67986048044098 12.579862932746945 36.65803721856806 11.946155287747938 38.41623030691039 12.957590067560872 39.20836579453331
36 360 0 0 0 9.903211829666336 34.810430519477435 12.746237234451337 36.637458730468545 12.619971019332112 36.661924650531205 11.96682023524288 38.41969756274768 12.92342311750542 39.198933938867576
37 370 0 0 0 9.943668062056792 34.78307046906614 12.728457096651828 36.59750774834278 12.579784035406016 36.67289865692522 11.969108369567289 38.40753321813881 12.966963295823861 39.1857870854336
38 380 0 0 0 9.880886123595127 34.81502537461059 12.784450634125722 36.625616051995166 12.555868652004113 36.68207192983944 11.926366903994058 38.341320489622 13.03531607342744 39.22369709237372
39 390 0 0 0 9.895634070729079 34.85804315653129 12.77206869778175 36.64406152634642 12.548058725564323 36.6476021957871 11.887008448874436 38.30956457987301 13.081552286843463 39.20848137581105
40 400 0 0 0 9.920322473466893 34.81629789476837 12.774585772676406 36.69761339015941 12.588672451126403 36.66991694826165 11.89416855702254 38.33332380658095 13.055924286503275 39.195133009716244
41 410 0 0 0 9.964321978931917 34.83730513713882 12.77880482922833 36.65259211006018 12.571454754038625 36.70222660601903 11.87386547578689 38.37117324682428 13.026421854824989 39.19172136946891
42 420 0 0 0 10.010360019302366 34.83722277938992 12.815576854336125 36.647620299576346 12.549421431002235 36.70394646846453 11.892720690466817 38.37816796120142 13.021831323726481 39.19460983014644
43 430 0 0 0 10.079451632521058 34.808325033299184 12.801006295245136 36.635398095402174 12.558600555754186 36.70361723821932 11.860278094804993 38.342076162486066 13.036882829236513 39.138425751986304
44 440 0 0 0 10.082610649383028 34.7897283326423 12.782155115802857 36.6103240807317 12.532045483623207 36.689559977415904 11.839373366206084 38.320316034571434 13.006403336188384 39.102089056464756
45 450 0 0 0 10.00433042262863 34.7757107603098 12.808049750311696 36.65439676528227 12.482323570517604 36.6663299742415 11.899850284330586 38.32714484110896 12.973829779278464 39.154005038955866
46 460 0 0 0 9.96533605957667 34.83881236301151 12.803043472261502 36.68026731329561 12.476852189008028 36.6771675499243 11.901996755766191 38.28187282851562 12.956835357364657 39.14233526187313
47 470 0 0 0 10.002120422036192 34.840877692976 12.806965000060012 36.67808708578753 12.507371544229176 36.63327617943524 11.882285779553161 38.279994803465094 13.004122924565156 39.110066125657795
48 480 0 0 0 9.990034423807437 34.854531507424234 12.825905450710566 36.7221650896955 12.542681826305914 36.62794480654594 11.858070577557005 38.2412792842464 13.00946068693064 39.091576388644505
49 490 0 0 0 10.023714230460449 34.82147863220273 12.762887321757207 36.70974655967881 12.494942015196 36.610649328608154 11.867961451374631 38.181647063570495 13.005147114117303 39.00480511514023
50 500 0 0 0 9.977272270584546 34.805102906001736 12.778646920048326 36.70369148223015 12.454654595901875 36.622397467839015 11.840562549186828 38.23859914932087 13.050222307601935 39.019851864371546
51 510 0 0 0 10.034554168196612 34.782075461862966 12.801193930110449 36.69490702597362 12.478326221679879 36.59952141789404 11.811885350397441 38.238457546942854 13.034226849450217 38.99369643880468
52 520 0 0 0 10.028255848625417 34.83988656401412 12.786085244279738 36.6991315174903 12.458282746528894 36.610571114829966 11.740869154533065 38.23074387440914 13.023961579355184 38.97758826279299
53 530 0 0 0 9.98031777182473 34.84664000604223 12.801241408108103 36.73634678777137 12.479019859887446 36.6077632795029 11.747870443926622 38.25153719967039 13.026656829416728 39.01489343129489
54 540 0 0 0 9.93750229686187 34.82584967034352 12.822287950316506 36.77012281595931 12.552255524560195 36.545133479628106 11.763823285755915 38.22202700454952 13.036568908804046 38.9909332252529
55 550 0 0 0 9.866176616555283 34.87066201116497 12.819680226212608 36.813885496385026 12.56683939666279 36.58688393769506 11.69626371301872 38.1935715505174 13.005505366197033 39.03210818099377
56 560 0 0 0 9.8822463198831 34.86184028851624 12.855856135178696 36.86069448404964 12.572759316518267 36.545702461787535 11.656037708886988 38.10722071630998 12.97620270966762 39.02128440224555
57 570 0 0 0 9.90849726359946 34.86033463926258 12.871047296608879 36.90623277777317 12.49965356192655 36.5268000323844 11.650933609526907 38.10956997626912 13.032375112030092 39.040740642235114
58 580 0 0 0 9.916705516765646 34.83357130999718 12.84280289595079 36.821044491623255 12.452890854899135 36.493796431157875 11.74496976250224 38.124746057849805 13.003481649575345 39.00160050065452
59 590 0 0 0 9.987826124068311 34.76967676424919 12.846022381720106 36.7583457695734 12.47462409351264 36.42847594532741 11.732574334045061 38.107922624340155 13.00464483373506 38.91761435406034
60 600 0 0 0 10.040829987878242 34.73132993967935 12.821582632332072 36.747561185695524 12.415247127214391 36.42715519954429 11.763670013394869 38.08821783318789 13.001093504986631 38.94280199797308
61 610 0 0 0 9.973935859879623 34.70696040273206 12.810696066811147 36.75253659796264 12.450921269374895 36.49713825863382 11.815679613594538 38.12868823433233 12.974064322375517 39.02480025879988
62 620 0 0 0 10.066044059353404 34.61203418086808 12.812709844447939 36.74564393456093 12.40717418012734 36.505153558116035 11.843061128815396 38.16022243605233 12.94611934350324 39.04628069844228
63 630 0 0 0 10.050691919821034 34.59150243584369 12.832345070324216 36.74498797768642 12.457618619291964 36.475172170444445 11.765622767598483 38.153879208211755 12.968530393438416 39.01146019905163
64 640 0 0 0 10.008370045350807 34.62636599251986 12.855412383140745 36.76345938476839 12.394159139233038 36.49280885993061 11.698542157234227 38.104673162598296 13.002411612826654 38.99377887021124
65 650 0 0 0 10.035771841732355 34.642378094407626 12.850065286377243 36.737020554997876 12.357533556408864 36.53304732937242 11.711358467504608 38.11767929371387 13.00078757478259 39.03301921277129
66 660 0 0 0 10.094500276799332 34.66390834512228 12.805542027284826 36.66781454139973 12.28827463682127 36.54165332212999 11.785458239161317 38.16506950758684 12.991116371999597 39.03618801338794
67 670 0 0 0 10.105683167377702 34.64422639595061 12.802660485661251 36.70854775003627 12.23762633108166 36.54957710012542 11.827272489421327 38.124420162469164 12.928988480451638 39.055752562916375
68 680 0 0 0 10.132720393813148 34.66220212301051 12.787259511095868 36.657705494122204 12.272688084894378 36.56561542746443 11.865099513026326 38.18306459989097 12.929912164033372 39.00750832345232
69 690 0 0 0 10.037260973515826 34.714296433903115 12.768699892051487 36.68196370094305 12.368812366293556 36.643473390517556 11.847053154830313 38.214956333197016 12.930963947814403 39.04918177812985
70 700 0 0 0 10.077821357752612 34.71713558750897 12.795193377367529 36.69974175661608 12.294453596854225 36.62184510392141 11.822088984777597 38.192221277104196 12.9514226350204 39.11295369844914
71 710 0 0 0 10.074938931309529 34.765266010450695 12.813957247086112 36.697048353756315 12.28920812443221 36.609910506083764 11.834720662329895 38.170222234122065 12.937636521757591 39.115932361420214
72 720 0 0 0 10.082005347636017 34.779645719889594 12.784899434388423 36.674055386311714 12.192051935245438 36.63407253352322 11.817061671852056 38.16366921967768 12.938917046493 39.14604049782675
73 730 0 0 0 10.050374708776545 34.7959903468843 12.78840811407463 36.69240998561753 12.219797737492838 36.683425967268974 11.83901910439066 38.14410245946589 12.924334137260692 39.19483328874215
74 740 0 0 0 10.047844810762527 34.774743110679616 12.769944320290264 36.6664511942556 12.276013828165585 36.65489686067213 11.908197027702652 38.14309003844059 12.893993506236466 39.17137591124659
75 750 0 0 0 10.067723710301214 34.78001476880058 12.796386843612666 36.672753207643765 12.256197372366076 36.641240443316136 11.9097689358873 38.122802283732625 12.8835688002776 39.170751054903064
76 760 0 0 0 10.118327654774646 34.779913103370006 12.781925577908938 36.629210855012005 12.239179268729796 36.62893826183498 11.914006304127334 38.13053809912224 12.851549810550441 39.11034014900294
77 770 0 0 0 10.073141642012015 34.77471897553079 12.778121460384607 36.60915757714056 12.29874612225479 36.66460022801649 11.899024247204292 38.163931038248315 12.835389480835193 39.13254168807385
78 780 0 0 0 10.083884364492912 34.77701229565513 12.767048656999973 36.5681230099352 12.263430736100151 36.6664114235834 11.929230469210546 38.1885957696209 12.832011913623866 39.166103431580105
79 790 0 0 0 10.083974510379393 34.81574127054104 12.800594743642941 36.571336743206864 12.308807418893709 36.65364348899874 11.942697473965623 38.18738443030049 12.865764215110179 39.161289921591305
80 800 0 0 0 10.06546259999082 34.7841974449999 12.806107595260428 36.60712619425701 12.314661460433067 36.625432729517335 11.912950051040413 38.17505174255241 12.902013789215308 39.1541020797522
81 810 0 0 0 10.063756689661835 34.769846986125145 12.8141737892074 36.61233065075108 12.31893267326607 36.62495348042922 11.907438205567397 38.1615247535866 12.878713317935436 39.151292124956406
82 820 0 0 0 10.060652082072398 34.73986319062077 12.824296996179397 36.639097691378794 12.329655326373167 36.605124862871 11.898787626603909 38.209317104177956 12.918525461825338 39.11030434951729
83 830 0 0 0 10.055594189922445 34.70719536982833 12.820554265061254 36.690948193715634 12.31442391545357 36.586256506925444 11.881422301364566 38.192275682230864 12.927683519975638 39.07405669950987
84 840 0 0 0 10.080084912476794 34.696234373880515 12.807276024034994 36.676688390816416 12.322560836364286 36.57638476350714 11.920334917843514 38.214863109584854 12.948507053514403 39.04903089158863
85 850 0 0 0 10.057138400413326 34.73813850318255 12.831396538144919 36.65765741244968 12.300459319249414 36.594717594535844 11.927757114886587 38.192675785697034 12.948236048611214 39.09791891060174
86 860 0 0 0 10.042712279427192 34.70499293324051 12.83437578721037 36.689130299956304 12.290973988720824 36.57451679267662 11.903821759344032 38.159716181077734 12.925146809786808 39.112894803299234
87 870 0 0 0 10.010662162612022 34.7133254126911 12.837405105220112 36.6874340035615 12.293373282728258 36.58589241140301 11.919578769600617 38.17378845205433 12.932970653986063 39.112805599959934
88 880 0 0 0 10.01957592861794 34.73882387599566 12.81796748957492 36.66931463418307 12.29388789605206 36.61277680549526 11.919187524595845 38.170367646963086 12.926276339039498 39.13485242291756
89 890 0 0 0 9.992464366610758 34.75518163559456 12.827478239901394 36.68220536991273 12.30391101104093 36.60188285766611 11.932919169722453 38.18012129053791 12.955360746237698 39.14048079353379
90 900 0 0 0 9.992613241519196 34.77705823091929 12.837600112340366 36.68487769012862 12.306434070294868 36.61886279503235 11.91632116786305 38.15218006194826 12.963733485729355 39.17639224212933
91 910 0 0 0 10.002603982016675 34.7682749621111 12.808956446829912 36.66761207155154 12.293601686021104 36.61883140576369 11.91252056803094 38.15058898288489 12.943015767531351 39.18011227423802
92 920 0 0 0 10.020473705095148 34.73892871610079 12.807557280351022 36.64929429327236 12.296078777442544 36.59085970645616 11.922550885955811 38.1594176750066 12.92027801267449 39.14120765847252
93 930 0 0 0 10.01947409732437 34.77624565703149 12.810460814514132 36.64048138412669 12.265388223900064 36.58948179928811 11.939308632731269 38.154932376353855 12.910095995363628 39.142493617142655
94 940 0 0 0 10.02772109428569 34.80277642053863 12.812181266749032 36.63239846262572 12.240822282994516 36.56859913369101 11.935570537423848 38.12899885991694 12.921352342727225 39.13728624672411
95 950 0 0 0 10.027137617160578 34.824194661644746 12.804176479386195 36.63322617144563 12.233615459416992 36.582386874828984 11.964830232028104 38.151136131501 12.917332857928905 39.15897442777749
96 960 0 0 0 10.021364908420107 34.83545130123133 12.810139047184855 36.62258890088625 12.206472748324654 36.58878430126744 11.990356354158344 38.15027352210479 12.905498737375826 39.17842804868941
97 970 0 0 0 10.048572453621272 34.83873115549197 12.79983510237562 36.597976912647624 12.190710631456325 36.59117710741011 11.99266676423367 38.1459145826841 12.883306054507319 39.17647471948966
98 980 0 0 0 10.035968565006925 34.864556314562705 12.805252281420618 36.627777173519554 12.224923123030692 36.586533891346065 11.988509233653453 38.13684245203378 12.89484067445482 39.16224679555563
99 990 0 0 0 10.012538177950042 34.87229994402423 12.79430613757481 36.65904766180854 12.22861749209114 36.58057781533531 11.965813483349383 38.105295259316954 12.899884919828605 39.152487620327015
100 1000 0 0 0 10.027031056382715 34.87835986701909 12.798327456786511 36.639207022517915 12.23369560152308 36.5912809753295 11.987575785959441 38.14251641444676 12.897043734475684 39.154921033301015
101 1010 0 0 0 10.03560950645172 34.87716611079798 12.802298689498201 36.63800179974057 12.227882317449389 36.588238445435046 11.972783992995454 38.12981681796109 12.92418164329204 39.14676258088469
102 1020 0 0 0 10.020883053985045 34.89050606502658 12.789344752739952 36.64592361089985 12.216926686008483 36.56974410879097 11.951596157161283 38.13169866434312 12.942149123440535 39.138262026495106
103 1030 0 0 0 10.012737795422376 34.908261304379316 12.782291370711468 36.63510699778376 12.223578741559384 36.578283654440376 11.932727990269683 38.13783182840323 12.948132432856868 39.14252353617941
104 1040 0 0 0 10.021248470379053 34.89928488249883 12.794204989626522 36.63879019341795 12.221239107097551 36.56120834268445 11.93832261730558 38.12651615852021 12.93329107361014 39.14070708888394
105 1050 0 0 0 10.023177858050794 34.886196501138066 12.810432835000606 36.65812695759094 12.240264137437155 36.56485295222495 11.939343528977096 38.12138847004534 12.927899123954218 39.15078678922312
106 1060 0 0 0 10.013913027182799 34.91674168887696 12.808450938842773 36.64984747315827 12.229037401283476 36.57334205542678 11.942922636239347 38.11743449359634 12.912210501361965 39.16946890569926
107 1070 0 0 0 10.016894264362186 34.90992929635625 12.801312502416666 36.63600321204889 12.22117402538652 36.55098319554201 11.925346461157307 38.106110513514366 12.911368772453315 39.146696058665825
108 1080 0 0 0 10.008243214798075 34.93314708441133 12.80462837072217 36.62943210287754 12.214225329963053 36.550011717776755 11.929412210525172 38.08157808934316 12.891899647752206 39.142547245722035
109 1090 0 0 0 10.016923563941525 34.9473514739497 12.80363828892172 36.64362197243082 12.18227619057501 36.55547320829376 11.929839680681988 38.077955385553835 12.893490000036266 39.14273808953252
110 1100 0 0 0 10.02137112582787 34.952586143606354 12.793081759708784 36.634932448428664 12.159210317081264 36.55536529507499 11.926841870362164 38.07810259501174 12.882973605831578 39.141087636339996
111 1110 0 0 0 10.033521005177066 34.91652498034156 12.804040757830071 36.63619869620011 12.155168226876171 36.551587502306276 11.945049265785515 38.08913237323344 12.904790057361565 39.145357239004355
112 1120 0 0 0 10.032872066116173 34.90094719188176 12.813759256696892 36.62955983058573 12.177839700002595 36.57220562388637 11.947086960866931 38.1072793786738 12.910627210644678 39.14900000275648
113 1130 0 0 0 10.055067785861631 34.925286089825 12.802038790742113 36.61776656059459 12.145215531076845 36.566609424837175 11.975117789934282 38.09592780415234 12.900210438704697 39.1560160998218
114 1140 0 0 0 10.054824705580947 34.91359743055163 12.798303059693806 36.62901361604939 12.164853308148356 36.581528109986735 11.956609110536744 38.103934537804115 12.91547840863494 39.157927384475585
115 1150 0 0 0 10.035725178500327 34.917597691605856 12.791272479589251 36.65196078063109 12.180586191620145 36.5789685964283 11.948831480792622 38.118143345222244 12.92864829825396 39.138648109331655
116 1160 0 0 0 10.02541097311304 34.913458234954724 12.803539396053 36.64740367573762 12.169602661540551 36.58549629119619 11.94335217918027 38.095761389924725 12.90430653085483 39.16725055215141
117 1170 0 0 0 10.041492291203229 34.89582283230993 12.801430471758232 36.638560715374325 12.153481632270235 36.577218750627914 11.965416239519358 38.08476366290841 12.893875673613767 39.17324945915325
118 1180 0 0 0 10.031186895199221 34.87586061091571 12.79491050828821 36.64919236895513 12.155616786817163 36.57501235744393 11.954147757933152 38.09175182398639 12.8933128832457 39.14390012425695
119 1190 0 0 0 10.037407082990107 34.85919375202199 12.789484825481216 36.645488544536114 12.164937791898302 36.56148982621978 11.940602096451538 38.09390513442611 12.902992266575229 39.12142909418573
120 1200 0 0 0 10.006130631561183 34.894678158223186 12.788218627059988 36.66279136758999 12.159159256368886 36.58727733466957 11.932923547812074 38.08603933118328 12.898423363913597 39.143582724086684
121 1210 0 0 0 10.016884978146171 34.90393947705342 12.790496953466095 36.66011283267321 12.154283444128792 36.58473496161256 11.923101611281936 38.06081956404255 12.877157040897032 39.132289354027925
122 1220 0 0 0 10.030795427001236 34.90695217577001 12.79652513091133 36.65855469382876 12.14334371256335 36.5752545667344 11.958710154198837 38.05468437050163 12.876686538999623 39.14847376156356
123 1230 0 0 0 10.016396405266317 34.87751447847484 12.806475666232755 36.678531061485735 12.166899098200606 36.576494624667156 11.96974381348926 38.05099468557388 12.881742845049788 39.154979418835715
124 1240 0 0 0 10.036212264035482 34.85231287525924 12.813618435783887 36.66111567932441 12.180907337066824 36.575320698652924 11.9720617906076 38.05233340444068 12.875479142873601 39.146029795185044
125 1250 0 0 0 10.008331693558521 34.83792077622204 12.806687437054926 36.69128737128203 12.19128064544783 36.558754188259854 11.96046286298247 38.05112552740377 12.884234416652937 39.14708659151551
126 1260 0 0 0 10.004955023852814 34.83961218199791 12.80775366249051 36.68702331945362 12.200530337699316 36.564441838331575 11.946279230493818 38.05451631007606 12.89401165307078 39.135415952959626
127 1270 0 0 0 10.012566045056788 34.81731040637554 12.815791512884113 36.69519127867375 12.197869990227991 36.55324522869217 11.955948726904452 38.043894691933815 12.897115659315755 39.143455232292496
128 1280 0 0 0 10.006991461310331 34.809306833948305 12.81824977654876 36.69409744833094 12.21335981867138 36.552939291157365 11.953116792382117 38.03151884433242 12.894168040044597 39.14170595278583
129 1290 0 0 0 10.010560661511185 34.79095511463501 12.820896325352662 36.69924348948592 12.19423192694256 36.52953430658644 11.924230576265831 38.009083220969956 12.916176093876167 39.11538255790366
130 1300 0 0 0 10.021252448812705 34.77745176385669 12.821659000561093 36.70662245412163 12.18709509783673 36.512469186904504 11.917373705995187 38.01677873501524 12.93786770232726 39.10730688831845
131 1310 0 0 0 10.023245040653217 34.79028468653678 12.823061871660682 36.70677373553021 12.1582927907883 36.53188816562184 11.948199352141073 38.0364862622357 12.928026503778828 39.12042230926453
132 1320 0 0 0 10.019499140910604 34.813885505527104 12.825954153029464 36.71789873016633 12.147067933239363 36.52536356119219 11.961798542048502 38.02420168027401 12.925134355060743 39.13944394331282
133 1330 0 0 0 10.004137048163683 34.80392642197763 12.81543528986653 36.726876205217025 12.142031506207642 36.49903096227507 11.962696510949685 38.00406906739177 12.916693288022524 39.1307970809025
134 1340 0 0 0 10.008177859887347 34.76959608519382 12.826213913132975 36.7220903748624 12.18183391170901 36.49668049547597 11.961420494732181 38.0066990829912 12.936573238621346 39.14345599214096
135 1350 0 0 0 9.985073892871073 34.76769401468667 12.843535872800771 36.73893258200247 12.206971039187708 36.52129254485553 11.958779407170441 38.001897309764814 12.916131195346011 39.16536432721692
136 1360 0 0 0 9.983915417001583 34.76504473482783 12.850414859220711 36.75214198695363 12.195288720195979 36.539189935212164 11.993038714252267 38.03710609875836 12.922699832637965 39.17439583938678
137 1370 0 0 0 9.974886148425712 34.78341299770933 12.855146868811682 36.743686744009395 12.185908422794641 36.56610766389452 12.003692902313915 38.04177441912469 12.899916078713808 39.180713188753565
138 1380 0 0 0 9.971260210111192 34.772995557958055 12.8553684648248 36.73991116303031 12.197771023171349 36.55361100870061 11.994750103624872 38.03601300509649 12.894008904352845 39.17594286243435
139 1390 0 0 0 9.972748411986997 34.765829986967205 12.846983448505735 36.73386950019106 12.197471569778507 36.54049702467346 11.993249576291056 38.02991702016872 12.8911203083533 39.182213725029555
140 1400 0 0 0 9.972347272721553 34.773174138588196 12.85281910186786 36.72224087868835 12.22373123746452 36.57437220483797 11.997857740830085 38.063647900052366 12.882128155848694 39.19680436441379
141 1410 0 0 0 9.980322606509429 34.74168164001483 12.874311237863573 36.71749917194168 12.236315674012562 36.58532241715143 12.021786623309504 38.077506351051156 12.880757010405596 39.222516441097554
142 1420 0 0 0 9.994346009411228 34.736943020210326 12.8781664840709 36.71914059964151 12.225997436173516 36.593200988780005 12.01161912976374 38.06994226527803 12.881722953133036 39.21562377228464
143 1430 0 0 0 9.997792494515389 34.723857397549445 12.873527351885798 36.71504499827163 12.221549178927901 36.5806726397691 11.99639053946097 38.07004787662392 12.869605756762562 39.21472202274505
144 1440 0 0 0 9.983915411643792 34.764264798461234 12.850951385864285 36.70799880978699 12.183039622732778 36.559414304409785 11.99273185531735 38.05404054372059 12.871888485652992 39.19838362063359
145 1450 0 0 0 10.010327163449146 34.77057036446432 12.844208221091629 36.69327526855226 12.168967372130796 36.54231861906508 11.975663875295096 38.05231429782361 12.890755141883124 39.17465976300601
146 1460 0 0 0 10.014899511488883 34.78112716267901 12.84153246693373 36.68678758763592 12.162851181890309 36.52016783594821 11.9689283209878 38.03383086632188 12.894831101475543 39.17817609801353
147 1470 0 0 0 10.03000715427718 34.76064308187665 12.846326963005477 36.6743382415728 12.153723076214764 36.51813170606232 11.963868016626588 38.03022059454681 12.908847746964778 39.17128041418913
148 1480 0 0 0 10.046887787485984 34.739980877967064 12.842945184118793 36.67142298334842 12.137717134139644 36.50056198325352 11.936286497099475 37.98965275560487 12.906172991114786 39.1787899706352
149 1490 0 0 0 10.038415386308063 34.73107249956765 12.843635539386963 36.70067825383862 12.130978523466746 36.47150561808129 11.949527881277191 37.989623345943514 12.922342971547497 39.184020380434674
150 1500 0 0 0 10.052426293768493 34.70464910542396 12.844476361940746 36.67854807953216 12.148947535706291 36.47410718584059 11.927917611962927 37.98051875876387 12.90934728870594 39.1700154801265
151 1510 0 0 0 10.04463335310881 34.72961919688382 12.838656834737336 36.67195953046183 12.144523397406935 36.47149104276018 11.919703372230051 37.97005121309082 12.907460929668964 39.174587216540736
152 1520 0 0 0 10.047892183742375 34.68234666348637 12.862903287189472 36.66275894455346 12.192797654286268 36.50737949503116 11.953689092094116 38.00487585309525 12.890906234040905 39.186706087917145
153 1530 0 0 0 10.049023980273471 34.70453396820784 12.846982288794496 36.64761117036125 12.187836201462863 36.530951932791424 11.956655275929155 38.01781068800191 12.881649810434796 39.19076971792416
154 1540 0 0 0 10.067551235231916 34.698210148964286 12.84881367070983 36.65521097120049 12.183871377741504 36.5268921963125 11.96902573473569 38.0455215858727 12.912153048814853 39.188783845903686
155 1550 0 0 0 10.055063247427363 34.69545907900447 12.849880859241033 36.65303284841055 12.195996719223304 36.52892870361286 11.969709084994456 38.05609593179842 12.906392248439786 39.18074823147693
156 1560 0 0 0 10.048525469539449 34.72504213924034 12.836647352702052 36.66235464568575 12.172718348305722 36.51956647112502 11.972259479471868 38.07449794655681 12.930014525872698 39.1687310082819
157 1570 0 0 0 10.036979078298396 34.72689956491382 12.838937667693191 36.65862928245905 12.189117888237519 36.53542843219426 11.980531484569422 38.10206923665575 12.921676393876936 39.16347807803652
158 1580 0 0 0 10.031969289434455 34.72015334356183 12.844092757580443 36.65414491259688 12.177274041544164 36.5396979883876 11.983674419975577 38.09931620506534 12.91217609346897 39.17738467218536
159 1590 0 0 0 10.056535965283913 34.72706495083285 12.83986504792209 36.62802147953241 12.175705530818508 36.54489180578855 11.991947564908607 38.11173767494602 12.920043277677122 39.15846487099693
160 1600 0 0 0 10.059922516206614 34.73511631494076 12.836042428264859 36.62124863140466 12.16106102696682 36.54326925178202 11.985951953435105 38.09611880461536 12.92917408687689 39.176679603630916
161 1610 0 0 0 10.043410040819996 34.74013718316311 12.847076288786866 36.65075391948793 12.15647194391285 36.516102048272685 11.983375394667616 38.07932432490507 12.950404968564538 39.16565242765653
162 1620 0 0 0 10.051996884560536 34.72681099800411 12.858270539425366 36.64679011821153 12.172312839305281 36.533542649734706 12.023178968881592 38.099045915181705 12.943682725292664 39.16664420903661
163 1630 0 0 0 10.055417991628952 34.70393227192939 12.87621847442177 36.651634317149984 12.19853812421449 36.54266218376043 12.03171985232841 38.128612520481674 12.955507922844667 39.16723710701324
164 1640 0 0 0 10.048986015836453 34.72097430973312 12.882266297025028 36.65863672028231 12.190343141382954 36.52828815784487 12.042670365959918 38.12012561250045 12.967652450118496 39.174290826281805
165 1650 0 0 0 10.045187879129466 34.762031188271976 12.883625422537083 36.64831913965462 12.168849632385319 36.53554973348819 12.04900701322139 38.09843777080654 12.948912396279843 39.184116091015284
166 1660 0 0 0 10.01905560674658 34.747935897143094 12.88653792174155 36.666097851112696 12.165918297974093 36.53348071087118 12.044790048447247 38.089450594026204 12.942822736322647 39.17013612346315
167 1670 0 0 0 10.046845066940365 34.702407527761906 12.895393898035843 36.6529694808404 12.184690002399352 36.54285060361382 12.058674222908852 38.12712828130616 12.946523067415928 39.14953626142252
168 1680 0 0 0 10.028778640790184 34.73716427521904 12.878356109304589 36.651383864465224 12.1800928816404 36.55790308798623 12.057229268048157 38.140294844831544 12.934279221594338 39.16424559171255
169 1690 0 0 0 10.04616617769202 34.75238219813816 12.867044364417648 36.656242361821626 12.149545437293181 36.52555928055774 12.045169993437298 38.13492572873439 12.95908155596419 39.13610199612761
170 1700 0 0 0 10.043686212751215 34.736236667180336 12.886000776979095 36.652672087616885 12.184295925311021 36.55263735823403 12.047619310658492 38.149500901905185 12.964037612635108 39.13585526608134
171 1710 0 0 0 10.054052406633671 34.757420228644726 12.882601700658274 36.64071572170797 12.168276733020981 36.578724889175234 12.068329442706096 38.150457878567835 12.956506221427812 39.15543909896513
172 1720 0 0 0 10.043294467221209 34.74056323732957 12.897791866338316 36.643631752655324 12.195817186051718 36.59392409521221 12.074796976166079 38.166149989632274 12.958579722694797 39.1662259445759
173 1730 0 0 0 10.039423705773109 34.75526751603955 12.88061815803852 36.63835272553084 12.19574606517657 36.585731517371414 12.040793455164087 38.137141045739284 12.95080956934498 39.16507093423215
174 1740 0 0 0 10.033706535919942 34.74816592974115 12.887601127717769 36.65611408890328 12.175304033226093 36.55862070808424 12.035618719098396 38.10479689458406 12.945245302567734 39.177280166606984
175 1750 0 0 0 10.03669033619631 34.755511418825385 12.89019479519301 36.64799046131788 12.180606979812394 36.57993959534457 12.05913155924452 38.14114642630227 12.959966438541645 39.17355288286396
176 1760 0 0 0 10.05174323474278 34.745940686359326 12.888403868834155 36.63367662823827 12.190586551937564 36.587648061912695 12.056633723937068 38.141580404204305 12.953751949491604 39.172566979687446
177 1770 0 0 0 10.060454057811162 34.73974185716183 12.889017242725206 36.62837008565809 12.181670624100475 36.588462607283994 12.070242077583654 38.149218781661666 12.952360471693291 39.17659740728236
178 1780 0 0 0 10.047715556569404 34.744018363861876 12.890514352319025 36.6349024882985 12.197904412823721 36.600328490433135 12.081150055337867 38.17683731740654 12.964971081776307 39.18029793606234
179 1790 0 0 0 10.056335479829889 34.74213245109478 12.89382609794741 36.63711548783459 12.190209865261295 36.592033065876656 12.098963114883027 38.17913011637441 12.969330102783143 39.175243544353144
180 1800 0 0 0 10.052239696767197 34.7419434993401 12.895608017190831 36.644200859103776 12.186533134513335 36.59307814762192 12.094934595071487 38.15931880417677 12.960107768001826 39.18446132867622
181 1810 0 0 0 10.047103229373374 34.74487376147252 12.887918801048883 36.65112657632114 12.186598306691248 36.59396982635812 12.09066560095889 38.161764496066965 12.962940627617032 39.189763486276156
182 1820 0 0 0 10.045782541172487 34.751333049884174 12.886043286011041 36.64434184394149 12.17819237962315 36.585208843812 12.077270807387444 38.135451525716725 12.955039626852303 39.19367091003053
183 1830 0 0 0 10.04231664697357 34.74686454225257 12.89453587441925 36.65336967384931 12.182591881844512 36.58673832970155 12.08591425156272 38.12760869534507 12.95963750025965 39.20785417600421
184 1840 0 0 0 10.049802909468866 34.75330396353129 12.889354121797195 36.648242865464525 12.16589810615556 36.57598454126895 12.070001223496153 38.124976286474606 12.970443863277254 39.197213948908384
185 1850 0 0 0 10.056883082993663 34.753634061462456 12.89041897561907 36.63855471499078 12.166186295613093 36.57420159206819 12.070910004398591 38.130266556937684 12.964803093010074 39.19026245299921
186 1860 0 0 0 10.055893531425667 34.75662070505188 12.887975752837235 36.64055626545995 12.170078576546585 36.573394495681086 12.074629665681966 38.143042792768185 12.965746749701598 39.18084778976293
187 1870 0 0 0 10.032502077814492 34.76023268822581 12.891950434799408 36.65652816408013 12.180745743121637 36.577468041789906 12.071261569900761 38.13569248038628 12.966907426722393 39.1914459581029
188 1880 0 0 0 10.026702913491869 34.76101881492974 12.891989714375677 36.65732032318083 12.186145277163858 36.57865292221119 12.064088587881864 38.13724721981008 12.96737151716573 39.1871751502468
189 1890 0 0 0 10.021300863008292 34.7664259571097 12.89399809563726 36.65900386514314 12.180340583584602 36.58007046977754 12.062419278092237 38.13592627396258 12.968992158282763 39.18739037743666
190 1900 0 0 0 10.02834754592532 34.75999926252007 12.892642339013074 36.6605249166013 12.177236977854848 36.57839934943504 12.069884882545074 38.147877950870786 12.982833479067429 39.18398436994498
191 1910 0 0 0 10.01774999844911 34.75892090501894 12.898068414043076 36.6689824714916 12.187181984564138 36.58514216453899 12.076222742165188 38.14743168308035 12.98099966309511 39.18697968052862
192 1920 0 0 0 10.01289418157612 34.75472124258148 12.899326005362822 36.677648847859004 12.187952350173653 36.58412995903562 12.072491197165863 38.140649520875954 12.987645307509563 39.19023653497005
193 1930 0 0 0 10.012312052981969 34.7436386780672 12.900030585498945 36.6816795744453 12.186794927625346 36.57188703326033 12.06715603976254 38.13906956371656 12.990115403022497 39.18412093934835
194 1940 0 0 0 10.014813408131692 34.747676028968584 12.900124503103097 36.68213414578767 12.178668808031222 36.57115192695327 12.07390811051338 38.14163770982696 12.995164770426875 39.18654437679931
195 1950 0 0 0 10.013500090912487 34.7437700847632 12.902295143047022 36.6894899609629 12.184488157761685 36.57390804897638 12.07648740551535 38.14426311859257 12.994936966272173 39.18188449079673
196 1960 0 0 0 10.020464535364063 34.73329788179758 12.904308863163552 36.68302190242533 12.195874059899658 36.57796649964669 12.07762865547672 38.151262606887734 12.99310090070183 39.17747901850729
197 1970 0 0 0 10.024155721284897 34.73290101686016 12.90457036364323 36.680435254127616 12.18941756153555 36.57803444451258 12.076632999830824 38.1454077726412 12.991780968319782 39.17797141675373
198 1980 0 0 0 10.026224051006844 34.727883020174666 12.905080014440562 36.676947155762605 12.190011792644544 36.58021674273638 12.074905286674726 38.142694106217526 12.981676321087573 39.17790573636413
199 1990 0 0 0 10.030369372963978 34.72934275531176 12.905633237867049 36.67290110063532 12.191181234095602 36.57952599713345 12.074299732166745 38.13977826179988 12.97809897416649 39.17787530929537
200 2000 0 0 0 10.038337975317804 34.73266687989657 12.902825427893445 36.66908775883575 12.187469862320595 36.576962154111975 12.079351126186147 38.13880695274721 12.976425616963741 39.17591175325873
201 2010 0 0 0 10.043743012681013 34.72622830454464 12.901362810679005 36.665329677759615 12.185190396303211 36.57200085382563 12.079485524391766 38.13903343776849 12.97332090469865 39.17152430299079
202 2020 0 0 0 10.047460853841674 34.72118656470713 12.903456198681415 36.66230031291796 12.190977343657746 36.57363318379607 12.081944295681739 38.141978160364346 12.974863798008741 39.17421522294337
203 2030 0 0 0 10.048857808374143 34.732221509158904 12.902399983861855 36.65871188665349 12.182287144708676 36.57315340540742 12.082862752839196 38.137753280440286 12.973518520527374 39.179900563381366
204 2040 0 0 0 10.05410556234906 34.72891206507079 12.904747050753713 36.65039304195319 12.186432986093598 36.57407314531433 12.078554238845435 38.13579300843997 12.968083029914732 39.18229907999547
205 2050 0 0 0 10.06178337441596 34.72957370894813 12.90110529327825 36.63833943721288 12.191750859566536 36.576969668900105 12.072930986667487 38.13982930481298 12.960190632364508 39.17659871178249
206 2060 0 0 0 10.070371886898767 34.72928707831525 12.897496054243813 36.63001472773647 12.192239041042008 36.576790534597436 12.071747737812299 38.14071792689085 12.955624953286726 39.17265326005732
207 2070 0 0 0 10.06650027836504 34.73151363421722 12.895651852220816 36.631011019469 12.1864519623724 36.580025289946306 12.06617974383306 38.138517773002874 12.956350583169746 39.17547066504028
208 2080 0 0 0 10.071422243615812 34.72915704770204 12.895041372370745 36.61706254021882 12.190074982704683 36.580186231633945 12.058965787726528 38.13479535225974 12.945175690280742 39.178954244131155
209 2090 0 0 0 10.069566013301655 34.71524525432313 12.89937051224641 36.62011373479017 12.2041841238679 36.58758682019616 12.062024320884582 38.142546690831615 12.94584092118657 39.17407847266919
210 2100 0 0 0 10.0723539319335 34.70785524809884 12.902664535602636 36.62003319118069 12.206719556250437 36.586912504938596 12.065387575028558 38.14032208411633 12.94304365080397 39.17973187349849
211 2110 0 0 0 10.065053070496786 34.707716990202336 12.904726252658627 36.6329075058405 12.208065005215593 36.587640901200736 12.072230034643027 38.14366954038486 12.949368350451925 39.179789993199805
212 2120 0 0 0 10.074961812511392 34.70990357749165 12.900489631263138 36.61685244014046 12.203800507448577 36.57938011459086 12.05726671513564 38.1317325702674 12.935685598449865 39.17280862345701
213 2130 0 0 0 10.068092575528771 34.707114000198 12.903006870898947 36.62142328973416 12.21571439271048 36.584070113218104 12.057709912174099 38.1374816150764 12.936327877712085 39.17502611425539
214 2140 0 0 0 10.071663579023712 34.70614216393584 12.905455579894614 36.611290414290465 12.21970031753483 36.58710830564845 12.051248702948266 38.13263531090183 12.924742397382749 39.17883255957613
215 2150 0 0 0 10.065288297809843 34.70320154558107 12.907280489111717 36.62514020536155 12.223326755211254 36.584642081760656 12.051708019688482 38.13212413957302 12.932122896064307 39.17837049015388
216 2160 0 0 0 10.066886412187532 34.71532120141761 12.902483756621132 36.61502185746701 12.221811247921641 36.59161238552169 12.055235358801122 38.13964369036631 12.929310734051896 39.17744656167905
217 2170 0 0 0 10.070973658803833 34.710937448996766 12.904926037590046 36.61119694154193 12.22914936571163 36.59056307236361 12.052388428408209 38.13673582492957 12.922728557861568 39.17667827966295
218 2180 0 0 0 10.071996469100819 34.710954743826946 12.90905810000201 36.612059073774816 12.228899188783807 36.59374615531033 12.060771216823644 38.13758613378722 12.927465498603944 39.18127268508549
219 2190 0 0 0 10.063195089682685 34.716538300043915 12.910024870881733 36.62341541202263 12.226640781129017 36.59562846935094 12.070370110252219 38.143538874728165 12.937035981887059 39.18497566224549
220 2200 0 0 0 10.058662810844067 34.71173620003268 12.910940151747532 36.63082636402203 12.23177304259412 36.59620504572296 12.077777679235671 38.1546941606447 12.948081756999946 39.18324448784638
221 2210 0 0 0 10.061807108125437 34.71758506511861 12.910796064179022 36.63080091505184 12.225320944911857 36.598792941398045 12.089217506429947 38.16191940238497 12.957509731278334 39.18394796867826
222 2220 0 0 0 10.069683205148978 34.70530769631005 12.90733048768571 36.616229961586086 12.2421035210865 36.60392052814609 12.0762400052023 38.16395321655938 12.940473923079098 39.17918989393994
223 2230 0 0 0 10.077008136839718 34.71291900441244 12.905704431761952 36.60938468927826 12.236042641792654 36.60358966813125 12.079267203792414 38.163656392731276 12.938305807364431 39.18172147266716
224 2240 0 0 0 10.068441234446299 34.721787525883435 12.906559035005532 36.61993531781019 12.237498107392687 36.60659379024887 12.083391804884421 38.172113992812335 12.951408040182624 39.187597117110386
225 2250 0 0 0 10.07617464553825 34.71550114193513 12.905486461109362 36.611593192362605 12.237132891070422 36.60707330713737 12.078608303941765 38.16438161335179 12.938758202786815 39.18755662742715
226 2260 0 0 0 10.08344362421437 34.7076766044804 12.902665222047085 36.59757909109148 12.24531268548699 36.612231083450006 12.070643249415816 38.1702193537342 12.92894813242684 39.182600672729514
227 2270 0 0 0 10.0925859589254 34.70491434071243 12.901683152857585 36.59403178026772 12.241587410865721 36.60787092953499 12.067655325420102 38.16860527338318 12.933544862014912 39.18019384703592
228 2280 0 0 0 10.0892293724273 34.697446232616876 12.906166727649648 36.59417358658768 12.240690327340502 36.60373695086603 12.060873962328026 38.154752732322095 12.925587214952126 39.182014371498425
229 2290 0 0 0 10.094475318176622 34.69256820670244 12.91215166500885 36.59552916219683 12.235674776747524 36.598615223517626 12.063425182818845 38.14351657187195 12.927185556169906 39.18523374243123
230 2300 0 0 0 10.091988331647986 34.69644918040845 12.910641226098827 36.59669689291922 12.240183907172925 36.60225716371621 12.074426767876924 38.15776288026211 12.939672252692155 39.18069035648496
231 2310 0 0 0 10.096125362786582 34.69625324369223 12.909276978778136 36.59616239472705 12.23861607816763 36.600779665752654 12.076941517387509 38.16182557957875 12.944606492420844 39.184084037114346
232 2320 0 0 0 10.087522078760884 34.69484869680464 12.91367768335215 36.600424430356064 12.24296573875815 36.61081191553658 12.08092134237587 38.166692226727854 12.94822515458684 39.191402806335056
233 2330 0 0 0 10.082660531176245 34.699262461521556 12.91625946936048 36.60733559609678 12.240245078135693 36.6042622165448 12.075856498148395 38.149275205784306 12.940493809549494 39.19842212109932
234 2340 0 0 0 10.072771646784865 34.70397884560224 12.914002843137238 36.614609227144186 12.241767072294996 36.607532991157456 12.066494349638145 38.15025711348924 12.944029897132825 39.20012997589201
235 2350 0 0 0 10.074275752479718 34.70195316073142 12.913271748605776 36.60931733115909 12.246599378885245 36.61545917846535 12.06118073138285 38.15016576973324 12.934831758826142 39.199178629973495
236 2360 0 0 0 10.073887952288684 34.710204969355814 12.913580100592792 36.615725312671096 12.237183965135307 36.606663247545555 12.062613132251528 38.1464228881665 12.943073884041771 39.20085803301544
237 2370 0 0 0 10.067790076467398 34.70977947682693 12.913661886472166 36.61993380453445 12.238245533572208 36.60492438796878 12.05485354912997 38.13727997806478 12.941854151777305 39.2111255881352
238 2380 0 0 0 10.06985019159561 34.70068266062707 12.916005107497547 36.622967378644354 12.240897265899426 36.60566697114589 12.058915621901447 38.13874283504482 12.946925719919122 39.20962036952066
239 2390 0 0 0 10.078226798741026 34.689077021041015 12.912815385577284 36.61200218881432 12.243889354352385 36.604710570054664 12.053181983231218 38.13581506367896 12.934391100845273 39.2044948676217
240 2400 0 0 0 10.075131442370814 34.69178348718805 12.912867033738694 36.61225522052238 12.247707362122872 36.60637063439985 12.060968013837053 38.14316397266099 12.933118103740465 39.200666623736375
241 2410 0 0 0 10.080992553820277 34.68774324116134 12.913508805423197 36.60929847815473 12.252486030446914 36.608131079046636 12.068136253184448 38.14545243515516 12.934567344923966 39.20296060679544
242 2420 0 0 0 10.09187856077444 34.674627594156064 12.91370733429763 36.60513768836491 12.251260146374108 36.609054072795956 12.076502267877888 38.15101623508171 12.937728393390891 39.206524802615064
243 2430 0 0 0 10.08447778857188 34.67923648155243 12.912182095513518 36.60954970136047 12.25199702787094 36.60450381909335 12.068390523347169 38.15274332121005 12.941646638250774 39.20074213075818
244 2440 0 0 0 10.084706846065044 34.68750101105331 12.914695448258646 36.61082706993762 12.248220263181679 36.602012742344826 12.071906457017288 38.151080448525875 12.946174406168893 39.20182064097723
245 2450 0 0 0 10.0865542107258 34.69520915808725 12.912260386131024 36.608101349525576 12.243542773846206 36.600865419324734 12.074391437317397 38.15567844067591 12.949900013554696 39.201672391197576
246 2460 0 0 0 10.07421002514748 34.69669851764973 12.913191470978065 36.616465714540354 12.25660552270284 36.609229957930914 12.075493603036469 38.16294986871828 12.951624222166325 39.20451030959908
247 2470 0 0 0 10.074347314398304 34.702365803214924 12.907994814417943 36.6104741667097 12.254486436411892 36.61055319683014 12.06907545238853 38.16269883720608 12.948638594014714 39.20079156858797
248 2480 0 0 0 10.081025609980399 34.69851997212775 12.90646392278973 36.60556874174123 12.248241466054989 36.60579514855574 12.072890116528304 38.16378959227405 12.950241703502064 39.20082917869548
249 2490 0 0 0 10.069285526035229 34.70865897104888 12.90417988156469 36.614830250752036 12.246942542185696 36.608167157188745 12.06635617475239 38.15823569183371 12.947561303687667 39.20523501562641
250 2500 0 0 0 10.066615282184591 34.716476910680775 12.901713849242176 36.61756108197603 12.238775338022489 36.60694657619513 12.067152313829178 38.155027156881346 12.951176073236573 39.20672993092224
251 2510 0 0 0 10.074071852055251 34.710503313870184 12.902975499249647 36.60720918854836 12.244183059648277 36.614939710651804 12.07253737549945 38.16102068129961 12.944552226199688 39.207743714313665
252 2520 0 0 0 10.07090927942179 34.71101343237503 12.905839613202506 36.61188816788165 12.244273894593467 36.61047664351591 12.077570078959642 38.16193963954773 12.951004143128358 39.20863624098423
253 2530 0 0 0 10.073617631744684 34.715218542281974 12.904685631733207 36.60968815676133 12.246144550936961 36.612588243443525 12.079921739547975 38.16438725000959 12.952343722072428 39.209236552735106
254 2540 0 0 0 10.072709270058729 34.70573427100771 12.91184504274984 36.610405683210026 12.260168067550985 36.62556390163323 12.086688896300338 38.16979213511479 12.947734617111507 39.214211925102795
255 2550 0 0 0 10.069134467836232 34.69495638565849 12.912600408750485 36.61209332311565 12.268280130443685 36.62626747397553 12.088285805567308 38.17385615310927 12.945576965881347 39.2142780845138
256 2560 0 0 0 10.079529768093995 34.68856415335023 12.910908854354817 36.60079029901682 12.26948527874112 36.62426810229302 12.080505290763139 38.171114192388394 12.9405152959447 39.210305223322905
257 2570 0 0 0 10.082871159417659 34.691625165687896 12.908305719883167 36.596489306095116 12.266325956328487 36.62757251301602 12.082792471503744 38.17717667130689 12.943828461027545 39.20444463328579
258 2580 0 0 0 10.067123953087957 34.7112314933823 12.905561146132147 36.60699457711849 12.257909161971321 36.629230606040586 12.072565677903501 38.170815918013396 12.947077832095754 39.20357039512128
259 2590 0 0 0 10.06604926374541 34.73015159195344 12.898596108947602 36.601462726582206 12.245756870804234 36.6301835844377 12.07000998145824 38.16900294188726 12.946412352025046 39.20084395105586
260 2600 0 0 0 10.077070991859335 34.708719126190246 12.90394369136417 36.59802688741441 12.252545266203512 36.62754680504127 12.072631113605942 38.1699365432433 12.943202341220339 39.19990798575779
261 2610 0 0 0 10.079238851998651 34.699349077463786 12.907344017983272 36.59546496351553 12.269541106716286 36.634386666685586 12.076079631336667 38.17704507565487 12.93741765017535 39.20151414794171
262 2620 0 0 0 10.07592977039536 34.70597172900535 12.905848058672996 36.594201079305215 12.265880020906007 36.63536006233486 12.072231379001334 38.17551652820676 12.936774296568496 39.19928025307949
263 2630 0 0 0 10.072539157731185 34.713446447595594 12.905084898791001 36.593847952680335 12.257581185884106 36.630777379799724 12.06775842814887 38.16622130730907 12.934968576427469 39.19916446977284
264 2640 0 0 0 10.074451500155977 34.71313321974448 12.904178919692985 36.591342611213506 12.257557160335876 36.6346538029638 12.074867067931818 38.17459550279711 12.938286041175953 39.19747333574389
265 2650 0 0 0 10.075100326283648 34.70643944072143 12.906073955391122 36.5920607019058 12.263038437410557 36.63442684573308 12.072206082839669 38.1718902374185 12.933408070469735 39.20027406771638
266 2660 0 0 0 10.078255774038361 34.69837664809338 12.907108126223223 36.59026367256827 12.267769383177574 36.63388651143984 12.072073177030614 38.172645192139896 12.929509634794442 39.19903919453276
267 2670 0 0 0 10.078626871688666 34.7042536428831 12.905770332930436 36.590542273466426 12.264287762478398 36.6327881456812 12.067667696441033 38.171439236100234 12.933723652302772 39.19577046376288
268 2680 0 0 0 10.07683364786664 34.70031375768422 12.906794968455923 36.59091736413693 12.269983254163412 36.63344119320843 12.066206107607027 38.16855241834872 12.928868759658787 39.19837908071366
269 2690 0 0 0 10.071406427772235 34.70580190713804 12.905359571856817 36.59023368037969 12.273874223931342 36.64040851812504 12.062161874275963 38.169495494449954 12.926645744277478 39.20046547941621
270 2700 0 0 0 10.066523849774349 34.705582197187894 12.90632519378868 36.59582986872197 12.27319476016183 36.639740393135966 12.062696650138035 38.16747877059765 12.928868137727331 39.20451593560763
271 2710 0 0 0 10.060553465037836 34.70511032046687 12.908231944056668 36.5989180581262 12.279526131521498 36.64502134076356 12.064199962847189 38.17076367033315 12.927068172711085 39.207022010298516
272 2720 0 0 0 10.06552567963582 34.698222856175605 12.908842110335973 36.59611189433485 12.28355499088647 36.648286542428764 12.06800657068289 38.174498630096444 12.92711715071805 39.20740851357736
273 2730 0 0 0 10.070011429451757 34.70045892221348 12.90600208916352 36.59257242830667 12.278237010024421 36.64625907336395 12.071032552929683 38.17634529289077 12.928212077273477 39.203958493350214
274 2740 0 0 0 10.066713447512681 34.700197006520824 12.907184700808392 36.597082765358316 12.28008673451568 36.64818319953029 12.070948912173169 38.17828787540129 12.931742840447212 39.20526946416166
275 2750 0 0 0 10.07249069948784 34.69877939409391 12.90469517253329 36.58796297757438 12.279007322308525 36.646798886262005 12.06904876251426 38.179249539149815 12.929903819349416 39.19954740621299
276 2760 0 0 0 10.079384495526254 34.694679558620145 12.903917481313888 36.583482773001116 12.276197964125071 36.643151755103 12.069003287223822 38.17739865812594 12.928483061167736 39.19720999601036
277 2770 0 0 0 10.084915519708758 34.69058683797471 12.904864166831093 36.58326537783204 12.273875929118747 36.63997877313126 12.073860142273611 38.178235214530844 12.930953581459976 39.19789208139591
278 2780 0 0 0 10.079946518146759 34.689766716544185 12.9052741503698 36.584208083982865 12.280161506202408 36.64579486365925 12.072355573262215 38.180123357285716 12.928042562945997 39.19990763048488
279 2790 0 0 0 10.083994898267699 34.69029328055839 12.903490694683846 36.5768935461783 12.28184567520517 36.64937855343811 12.069012460057982 38.182610911489185 12.925246344217104 39.195770709233294
280 2800 0 0 0 10.086565520733641 34.69206373544081 12.90185028482376 36.57481297736029 12.28033284660437 36.649795658761946 12.07174429796565 38.1854980044828 12.927611968026229 39.19540249418982
281 2810 0 0 0 10.081086908833717 34.700383388877505 12.902398857468123 36.58085616690075 12.276149967638485 36.64886322304056 12.070472179009354 38.18247849122068 12.930417057951349 39.197437274050905
282 2820 0 0 0 10.082802530780336 34.7058779687119 12.901242201456448 36.58064705109097 12.270220487970056 36.64527252748318 12.07025773659199 38.18143854233166 12.934038951813472 39.19587167428335
283 2830 0 0 0 10.080381641005197 34.70511025365876 12.902777487793184 36.58283292824648 12.27076229877629 36.647808453425895 12.072466632822326 38.18245838715956 12.934313623039616 39.19761363611399
284 2840 0 0 0 10.07407394127375 34.706156535271084 12.906266098272635 36.59013407050595 12.274553558155961 36.65105491925534 12.076270466936084 38.18237735674748 12.9376827394699 39.204198388680354
285 2850 0 0 0 10.073617744320359 34.70600261533933 12.906082915084566 36.59093175637001 12.275945172611811 36.65248978198481 12.076650718780767 38.18421071191171 12.938827268731188 39.20284769869293
286 2860 0 0 0 10.066557859357443 34.71200415115427 12.905487077916607 36.59832639034381 12.271660661794604 36.64933740593245 12.072166449239207 38.1779584195868 12.939237339985896 39.20284586376738
287 2870 0 0 0 10.068070329500417 34.71571831204713 12.902962925445879 36.59363586098307 12.268407413021388 36.64757556349642 12.07056342794742 38.1766480610986 12.938873899992181 39.20062164552833
288 2880 0 0 0 10.06520242761769 34.71865161059835 12.903841971615877 36.59690663606878 12.267807785436105 36.646902083922946 12.067882439195897 38.173517983095024 12.940623984667198 39.20206091868911
289 2890 0 0 0 10.069490335159273 34.71869359036579 12.903120875641815 36.59346041333719 12.266905598733452 36.64610532735505 12.067146785846322 38.17220386301196 12.93990511949359 39.20111943610774
290 2900 0 0 0 10.067336300239043 34.71268378265916 12.90552077795603 36.596263819798246 12.274374799877084 36.65019524593883 12.068811020886141 38.174446086949814 12.940339657286538 39.20481315684039
291 2910 0 0 0 10.061393396340975 34.7154913679907 12.905634372693177 36.599441573719396 12.276215084841471 36.65408039908657 12.069034532829397 38.17564207155203 12.941900501018509 39.20914593938557
292 2920 0 0 0 10.065243933493361 34.71698755320617 12.90612904659989 36.59904768055816 12.271396186456341 36.65142071083964 12.074750985135944 38.17627379279046 12.94435061714079 39.20721438524516
293 2930 0 0 0 10.06548517070459 34.72285832637159 12.90635913710478 36.60038501079818 12.264833045513516 36.647589180745875 12.07533097502682 38.17237483286755 12.947597355165815 39.20847715013368
294 2940 0 0 0 10.061279652038976 34.724855211530155 12.906924404058666 36.6054090417465 12.265127111811962 36.647518336901506 12.07368023601175 38.170415869393615 12.948895956278163 39.20997109505394
295 2950 0 0 0 10.062930130718629 34.72033058439297 12.906249789069902 36.601856038956335 12.268515677573603 36.648337079261154 12.075125693622004 38.17511213236103 12.946361765851258 39.20506924882518
296 2960 0 0 0 10.064261375090034 34.722047253304986 12.905855787126615 36.59981908218911 12.26620510190872 36.64791175446743 12.073516420674109 38.175017065411545 12.945448289653935 39.20181240054556
297 2970 0 0 0 10.065713296202203 34.72048877113089 12.90638769568204 36.599440288540805 12.266583538155466 36.646788221090745 12.074015730022433 38.17504455717146 12.946343744894678 39.20004577778409
298 2980 0 0 0 10.064717899237941 34.71635178958583 12.907218481458244 36.60047104561212 12.271298453280808 36.64923385938466 12.075255753800963 38.177408727551786 12.945507521316994 39.20038951375839
299 2990 0 0 0 10.06069296062529 34.71944841237422 12.90670448351499 36.60333445943211 12.269485150150482 36.6471918291395 12.071213537747063 38.17432143130637 12.946015950799115 39.202048413583654
300 3000 0 0 0 10.062788765997343 34.71859584705726 12.906561412018473 36.6019111790011 12.269112276125528 36.644671377740195 12.07047026864975 38.17376390158208 12.945105144496162 39.20035094684486
301 3010 0 0 0 10.062975917300653 34.717636511588424 12.906450403844277 36.60041891879235 12.272930061925154 36.64610227397041 12.069148943141311 38.174787460755105 12.943235459906585 39.20038983523007
302 3020 0 0 0 10.065416785828907 34.71708823834464 12.905568387601308 36.59708797261944 12.272562116560282 36.645012576710414 12.065637491259968 38.17354518406071 12.94092548903669 39.1981131535448
303 3030 0 0 0 10.066217456419391 34.71696303247565 12.905499698183833 36.596256194313504 12.272595393246773 36.645583653405815 12.065284112062063 38.17323159556071 12.940094427830287 39.197966363012775
304 3040 0 0 0 10.069400327469177 34.71463505041971 12.904305352965734 36.59335924395292 12.271315800291527 36.642731085239575 12.065381459187478 38.17272945925196 12.938406932645371 39.196707958031205
305 3050 0 0 0 10.069356389030627 34.71460817111706 12.904466659289756 36.59498869432971 12.269796050324059 36.642185058324216 12.06702606505551 38.17183844854784 12.939504747841584 39.19950169884363
306 3060 0 0 0 10.06890421139867 34.71436837821056 12.904345105248934 36.59407204278251 12.27106966691162 36.64357337879307 12.067213458371693 38.17404117693205 12.939398976196632 39.19868396005381
307 3070 0 0 0 10.072197004058566 34.71320215258473 12.903251841045982 36.59136230333385 12.269079978698697 36.6415920450584 12.066601355686032 38.17384886953557 12.939256034978557 39.1975112522201
308 3080 0 0 0 10.070054322577537 34.713266195969155 12.904538334821455 36.593782150509824 12.270033862448622 36.643140648661536 12.068026701283495 38.17383962271736 12.940320137997176 39.198023538914576
309 3090 0 0 0 10.067299513710754 34.71449205808989 12.904597427077446 36.5946563262351 12.271638676679386 36.644290033580255 12.066106705626742 38.17410879372343 12.94024169872996 39.19848676624561
310 3100 0 0 0 10.06737078641674 34.71291654618928 12.904533910249079 36.595317703791174 12.272441465568237 36.64288937773444 12.065286706310093 38.1735928996217 12.939745312036129 39.19718388991264
311 3110 0 0 0 10.063477860650512 34.71422508887809 12.903912607296178 36.59813428412445 12.273042199747577 36.643000013730614 12.065163645938917 38.173812911146044 12.940473727135304 39.19725649861856
312 3120 0 0 0 10.063402608314112 34.71376061494173 12.90442133562302 36.59764637300754 12.275364152361849 36.643661702639115 12.063392083583174 38.173565785588664 12.939256031165774 39.196267164508484
313 3130 0 0 0 10.06484871466608 34.71164721267454 12.904459396555255 36.59738931669591 12.27441317620075 36.64198299191734 12.065341734205804 38.1742948017164 12.939484617466077 39.19477481262234
314 3140 0 0 0 10.066596409085072 34.70860582925953 12.904221835331592 36.59510377851367 12.27592714439026 36.64204769403887 12.063980455311443 38.17436213626625 12.93716971216559 39.19361539032213
315 3150 0 0 0 10.066898895608988 34.70628614471402 12.904139228253127 36.59410597703459 12.278042079022931 36.6413031723874 12.06350650548319 38.17573898956753 12.936375091334721 39.192618651394184
316 3160 0 0 0 10.06811090077914 34.70704274588376 12.90507466666739 36.59488670773739 12.275333822785864 36.64045828387586 12.064145839639686 38.17321853730439 12.937682979300074 39.19439419133175
317 3170 0 0 0 10.066772445881949 34.70960095397011 12.904434007709382 36.59394814798946 12.276249497593767 36.64115213270668 12.06153086779955 38.17282773443644 12.937074502025384 39.19496413025714
318 3180 0 0 0 10.067175266313026 34.70752645807699 12.905392970214796 36.595018184715045 12.277294600795978 36.64169867696332 12.064714771415785 38.17488232718524 12.93917396932966 39.193981880761285
319 3190 0 0 0 10.070253392562337 34.70708784334189 12.905975249953714 36.593301136281 12.276494669728656 36.6418233232205 12.066884178319174 38.17503947799765 12.939559464355204 39.19408789404091
320 3200 0 0 0 10.073379852650584 34.70741575672886 12.906054473555105 36.5913968474706 12.275342422701295 36.64247618165434 12.070687341255248 38.17772108470663 12.940830938189826 39.1937533896648
321 3210 0 0 0 10.071242328635313 34.70959779373797 12.904941266379323 36.592620916230516 12.274009097876093 36.64148618424878 12.068604440094159 38.1766771161764 12.942296588483984 39.19337194631128
322 3220 0 0 0 10.075106904041668 34.706451880359985 12.905567101267321 36.590874988720735 12.273993015678393 36.64131683061062 12.070672637796273 38.17804275436647 12.942330160874286 39.19142390853754
323 3230 0 0 0 10.080429966719118 34.703459363212 12.906146609498588 36.5874634388132 12.272915221385167 36.64014287254363 12.074321022698502 38.1791154878162 12.94198636653071 39.19128793729451
324 3240 0 0 0 10.079189107025327 34.69959145995939 12.906419081082726 36.58770173158135 12.276441348692373 36.64002296513029 12.072864537282609 38.17906089643004 12.93918217617158 39.19070541574204
325 3250 0 0 0 10.077785213934199 34.70105949731644 12.90688213903951 36.589276689726525 12.27635071745687 36.64097721833375 12.072757709151787 38.17860622798909 12.940392999324807 39.19197892543717
326 3260 0 0 0 10.0789568070349 34.69923207196829 12.907900057457232 36.58998530512951 12.276896134629197 36.639800324699465 12.073654878703227 38.178908341971535 12.941298282324114 39.19205202378251
327 3270 0 0 0 10.07953868141514 34.700078793310816 12.907396155269318 36.5901957461262 12.274914072133619 36.63812529275663 12.073932293473737 38.17845906212996 12.942031835444935 39.19073735599929
328 3280 0 0 0 10.074384938605991 34.70166698299161 12.906646981669128 36.59324482806846 12.276451004790154 36.63847680171821 12.071266851048682 38.17710782210253 12.940888495352253 39.19209059925023
329 3290 0 0 0 10.075631614588753 34.69587390557784 12.907073438188949 36.59234422876961 12.280340719169581 36.638797751513955 12.071012072968065 38.17914299149328 12.939320987102267 39.191089046548086
330 3300 0 0 0 10.08133663634478 34.69082718542961 12.906574404752627 36.588566566376926 12.279850532408776 36.63619121156897 12.073471637809588 38.18052261356182 12.938738369933091 39.18959580704265
331 3310 0 0 0 10.082533914138825 34.691634287385085 12.906727264655562 36.587491092392646 12.278801847238332 36.63677350771139 12.073820051886667 38.1800314418847 12.938721581507355 39.190314022072215
332 3320 0 0 0 10.083912999356098 34.689405210707164 12.908059282116888 36.58866713714493 12.278637333492895 36.63549737658145 12.073953685318088 38.178808022116534 12.940442157757413 39.190646689941204
333 3330 0 0 0 10.081399571819166 34.68709757675237 12.907922076234657 36.591639801719666 12.280437426957274 36.63522264011418 12.074233938669128 38.17905206226837 12.939888471369597 39.19078544236649
334 3340 0 0 0 10.082831194227602 34.67865856639126 12.909931161293736 36.59216867821713 12.28575759837938 36.63566571329831 12.076905415216551 38.18109842886817 12.939381358554423 39.19115199705274
335 3350 0 0 0 10.081546560954358 34.67458133061903 12.910680107789455 36.59338568155188 12.289404022534942 36.63606037623594 12.077760397520741 38.18228114005523 12.938233291595086 39.19087747754564
336 3360 0 0 0 10.087559411081948 34.67454355163489 12.910815473163563 36.58912180388246 12.28713302348858 36.638403355629606 12.081479857623389 38.18418570705836 12.937966551648369 39.191482937685244
