% # columns="iter, evals, sigma, 0, fitness, xbest" seed=1234, Thu Jul 14 17:19:33 2022, <python>{}</python>
1 10 0.18358849708821146 0 -437585.0 9.760759868544175 35.50589404970592 12.557697259873903 37.00822556408349 12.76438957933974 36.873716183158706 12.304148369012534 38.53642814710031 12.925848201587328 39.300543887545935
2 20 0.17339620306567116 0 -436684.0 9.886201729785556 35.48921959243298 12.595803226751118 36.977915939642514 12.637903919636724 36.713772667543296 12.152781287865833 38.26324209145542 12.93304774755776 39.06280078168807
3 30 0.16773789264290392 0 -437096.0 9.92715995690207 35.611333543263264 12.79648680494478 36.806080032493895 12.71990922461099 36.752097219863614 12.154442944222849 38.38302943082234 13.000560569519235 39.07596189049011
4 40 0.17261466668959044 0 -436646.0 9.690867762529114 35.46079519804325 12.803665440675314 37.065726968538556 12.60159755625704 36.63537336326296 12.295474465578407 38.38676280219802 12.996177806962468 39.121500902370485
5 50 0.16918146515392035 0 -436803.0 9.937510127511462 35.500668840402305 12.822381417374046 36.83922400437196 12.593465102474006 36.647832540396095 11.935729975941904 38.565132481832336 12.828893337936616 39.04578285384129
6 60 0.17264617360299292 0 -436119.0 10.021639723788065 35.51224180369896 12.864775124455562 36.998623094071974 12.455539291394263 36.55043915854026 11.944883453462054 38.14752128619926 12.906792683769511 39.04774876485705
7 70 0.17248862234279677 0 -436644.0 10.16214839289796 35.56096484151842 12.786419406813183 36.62973556071812 12.505106451854735 36.69516226082196 12.218710437476236 38.200927244573926 12.97968571987238 39.0513797499803
8 80 0.17455775160133558 0 -436210.0 10.123091348771053 35.56349647864942 12.5146985412098 36.67808947228705 12.729486879489652 36.94146511235667 12.109611171914937 38.699134067775645 12.823802944977974 39.16079193906882
9 90 0.16799161127734044 0 -436654.0 10.217525140399065 35.57593568802044 12.780078156204372 36.60507986186926 12.452063170703438 36.52153682404303 11.937805919306475 38.321831418292106 12.761965345375259 39.15924480987925
10 100 0.15455488895343084 0 -436796.0 9.977276452729702 35.513588282142784 12.766503758070646 36.48171381319475 12.488785239207871 36.517545361534175 12.077437237833692 38.155191578489564 12.970479271982404 39.012596033185204
11 110 0.14817153847009437 0 -437859.0 9.978944640880405 35.57435695800033 12.762371287212783 36.61811950398805 12.358430277595453 36.67896946523823 11.872441692502203 38.17632152411982 13.128079374850808 39.14177165800043
12 120 0.13603178185899162 0 -436463.0 9.63862428312266 35.49121451616637 12.797715156432695 36.70972624960885 12.500305931542496 36.68410037210392 12.173399855590356 38.316385337448864 13.082472181070862 39.20507582625511
13 130 0.13263317253715046 0 -436309.0 10.070922518091173 35.60526806835078 12.909253078320305 36.857995814554364 12.519935553839344 36.657622034082046 11.901875223009322 38.405083412847475 13.201789742869833 39.1963808216673
14 140 0.12811289357097183 0 -437030.0 10.05314723379337 35.547329144083776 12.906696049557045 36.60509942330406 12.489779298238604 36.71299815626957 11.755971118496651 38.40932762522932 13.157554513208341 39.19461819468274
15 150 0.11740884314005584 0 -435754.0 9.93324534066034 35.49704491558672 12.785064921039513 36.837174289190216 12.356127778888148 36.75267627135245 11.93474959513674 38.22843549554696 13.159014366239493 39.12847980480529
16 160 0.11474198838723504 0 -435611.0 9.813694744109728 35.5158467627314 12.917379330278958 36.631727088256845 12.426207157294272 36.83883175268934 11.92209207682218 38.174589068945885 13.102671100247722 39.14361202305783
17 170 0.1163255334465565 0 -437086.0 9.887512441772026 35.4284556925233 13.031380429148264 36.64372707817836 12.40143921061277 36.69651392533708 11.766816963724038 38.17901384229155 13.171339868763456 39.09527505209619
18 180 0.11417425281437588 0 -437111.0 9.96282693909542 35.48281785121736 12.892284030719622 36.59247383590867 12.50859788778318 36.755885043355846 11.826904256617034 38.34237301535635 13.051460595066695 38.97000761851539
19 190 0.1205572406192082 0 -437802.0 9.85027964789764 35.42750140826962 12.952691368423695 36.68450358874429 12.413878552427356 36.587071805100976 11.831781705194796 38.20495974086259 13.007023886109163 39.11769256112139
20 200 0.12042651108723747 0 -437445.0 9.856302288131237 35.48373946501424 12.950696103893181 36.6838935654692 12.418954724327111 36.807136877175736 12.094293711425275 38.21849205652816 13.222771488290094 39.1079512904696
21 210 0.11667445035939218 0 -436833.0 9.937310651053197 35.51936591536694 12.853734739515463 36.69399531494479 12.697401928965965 36.616506684348956 12.06617569010692 38.3711802177139 13.0618762694137 39.083360942900406
22 220 0.10457741040527906 0 -436500.0 9.821958010156914 35.50899043023257 12.868197724789876 36.703168988106796 12.532521534770375 36.739814533112906 11.982865783608409 38.39599837050395 13.07796578863585 39.10211061927775
23 230 0.09502962214572598 0 -436261.0 9.940358529088979 35.46813701758636 12.806608610241145 36.653105988501565 12.430459828411172 36.565520294275636 12.179463748167043 38.3447858190877 13.05977019098865 39.00014018987691
24 240 0.08777765514073625 0 -436461.0 9.88487044298782 35.48191953193103 12.978847954157201 36.73233360081459 12.489713005127648 36.808754032010285 11.955486694084271 38.453278649949894 13.152320261461117 39.11022351552598
25 250 0.08427849539748622 0 -435931.0 9.929728029820339 35.517149387564636 12.935600939203269 36.79028785481982 12.570507415773097 36.56856281520887 12.077584474631978 38.30201404459465 13.193305123071905 39.02823407261948
26 260 0.08131663249510115 0 -438252.0 10.02426514270427 35.524749376075945 12.836233973669795 36.808290563133355 12.408915260141605 36.71919621716765 11.950233722298877 38.334657737387424 13.178240196090687 39.154114813191676
27 270 0.0768748091664284 0 -436515.0 9.869926444208849 35.524416238526406 12.95588651310621 36.650530287402034 12.416881768373415 36.617275482268994 11.978584464302745 38.4480009911099 13.216294040298012 39.12718627301317
28 280 0.07555191086420514 0 -435755.0 9.964906776833619 35.547223278895174 12.904172408449055 36.685695364969966 12.58479227587943 36.73640192420568 11.927247594355253 38.40676305495582 13.109723787190482 39.118735620945486
29 290 0.07401539192791809 0 -436140.0 9.874254726002695 35.517605535294514 12.885899007186852 36.68452247854446 12.442503108287445 36.725766679483684 11.795639906494648 38.34097319607922 13.112495442516552 39.10185772667404
30 300 0.07174088627372562 0 -435937.0 9.826065062634319 35.533558744058226 12.824926294812286 36.72968342943624 12.586565958071972 36.637215095201626 11.924179905584825 38.3470455210156 13.137313031594111 39.104971799681316
31 310 0.07208265133310413 0 -436120.0 9.769404481842564 35.529395112860726 12.863744148664393 36.73203376892901 12.54004096727105 36.75969090116072 11.851744217641643 38.32843960381598 13.030517921104524 39.135801419856044
32 320 0.06986976586706324 0 -436698.0 9.70599152394399 35.5295798619279 12.80335030383665 36.72071171194311 12.503149120291324 36.64882352453065 11.876365891440305 38.28680058334734 13.070272772941566 39.08444337916383
33 330 0.06970279213720346 0 -437963.0 9.895793224573172 35.53195039740428 12.738274434586307 36.68823961699513 12.556428704354257 36.70182006065951 11.87583629739452 38.43894090134918 13.024150288563968 39.06232735291533
34 340 0.0669869689572901 0 -436792.0 9.996995045471042 35.52892334490177 12.786354676033293 36.719691148807655 12.631133022967061 36.65316519142528 11.886494005696738 38.35550796826524 13.00117075065685 39.03069169765387
35 350 0.06550528521516831 0 -437655.0 9.911970109968184 35.51525990036374 12.736355693332422 36.68886246482162 12.591181289443657 36.73740271540279 12.001918085081138 38.47775973284953 12.889503391490058 39.09401279914403
36 360 0.06648947507599584 0 -436387.0 9.85152967647102 35.52999436825787 12.775977672720972 36.65740020013506 12.61236060514402 36.71267685025437 11.9841399071522 38.4043421562329 12.9386762248112 39.06915203329618
37 370 0.06625097863684713 0 -435951.0 9.908492425297071 35.49446912670401 12.73120895921108 36.672258899971155 12.562792291415768 36.660869574374935 11.99429986480429 38.356111862172206 13.010297710270992 39.03961225504956
38 380 0.06234356936828678 0 -436558.0 9.860726410282963 35.51703632259938 12.770607084446207 36.656195636420264 12.573681698745256 36.68268439475464 12.010838817665269 38.26947553513436 13.054535871369277 39.089236068502935
39 390 0.06139343072996075 0 -436884.0 9.88474467176911 35.543361602319166 12.857100217398743 36.70174072313635 12.544578445965813 36.66108314171215 11.824308957976486 38.245422429215665 13.115288963084836 39.080410048766645
40 400 0.05787506284856781 0 -435933.0 9.942294097840005 35.503743039867445 12.710412214541948 36.7088738348232 12.617382278479722 36.73898273733886 11.925858401911814 38.33519272205696 13.01357308745693 39.0212743401184
41 410 0.05396783455002065 0 -435569.0 9.964573383966052 35.52263865207533 12.739432227524388 36.65013721344079 12.572309422387667 36.7750210622484 11.880553589910683 38.41044858602244 12.997373766366682 39.059254461567164
42 420 0.05357339788106308 0 -436034.0 10.013900386400785 35.54287577599911 12.8061922956604 36.669407102371224 12.496407980895745 36.74602893486856 11.897013306950347 38.39153046787881 13.04903297628077 39.05604240015216
43 430 0.05814396178256686 0 -436089.0 10.016376168687358 35.51823026802169 12.797642565541388 36.657673244589574 12.51133380150518 36.707677440926055 11.860823915976997 38.2805650850251 13.060899866358431 39.01856287938208
44 440 0.06053502893496692 0 -436596.0 10.161340188000757 35.48546730484846 12.788299691243617 36.626954218429795 12.558992314312867 36.68311799404539 11.883855117197315 38.325385465743274 12.95131030455825 38.96355207967
45 450 0.06080481385174508 0 -436003.0 9.967371036679303 35.51707641943398 12.82332220406441 36.707178985069035 12.46010768688892 36.69889447726476 11.915624588015588 38.33020548164226 12.97017434298497 39.03652464319097
46 460 0.06346760712957303 0 -437030.0 9.949795253148435 35.51693724241563 12.818157193604678 36.72244896941201 12.474830204732163 36.708187995220776 11.877593568420387 38.23891120897777 12.925025773286178 38.986805762802376
47 470 0.059550402804916684 0 -437267.0 10.024442157711418 35.52005441280387 12.851979614408405 36.73758472145977 12.566848374661586 36.66724178637327 11.882278168933517 38.33325526873166 13.000764824905419 39.02773686829132
48 480 0.05969545946586662 0 -436187.0 10.035922338610186 35.54820374513587 12.865711398727226 36.750260684271225 12.516845719363028 36.64565467095753 11.865748550242099 38.225415609308556 12.98228842017925 38.97665138570404
49 490 0.06676683492504377 0 -435941.0 10.028432352578482 35.512269613269794 12.753824316084298 36.74478825513348 12.484491384184919 36.60811914540166 11.84826380662457 38.1353098758419 13.02997523092392 38.85398003904246
50 500 0.06874183350773748 0 -435888.0 9.886817717594775 35.50423838302328 12.801460994788666 36.73432159655317 12.47301091965097 36.66738536582489 11.821442439899476 38.27240751825481 13.044895418999785 38.93458603845228
51 510 0.06576047281437493 0 -438380.0 10.022616409793033 35.487574920561826 12.759413444180552 36.70342373883678 12.506004040127118 36.6119380195197 11.850992214018767 38.25229167743041 13.004229667459368 38.919281854044776
52 520 0.06748618390453477 0 -436796.0 10.02190569360015 35.53678327194144 12.803951247205275 36.72086645126263 12.407635971953006 36.677566135223 11.6644744826717 38.27552812547711 13.021468085113145 38.95069425661895
53 530 0.06459460557072695 0 -436879.0 9.957276236789747 35.512440289247856 12.830669043627122 36.78019657105208 12.465113478034406 36.59322858440731 11.853309970899474 38.256147869254484 13.008215120517171 38.92185614566877
54 540 0.06585004603979876 0 -436266.0 9.95484341534811 35.52270629083093 12.818830197553533 36.77101581015168 12.597791508016165 36.60469584576067 11.7906354082811 38.24475659275847 13.002730840948852 38.88924842009481
55 550 0.07191894134787528 0 -436330.0 9.837100174188475 35.5404522165557 12.796653504045073 36.86399839548665 12.600550576814296 36.65585227440999 11.698936442779384 38.15558725984758 12.989869746505303 38.97123525771627
56 560 0.07980840374421477 0 -436854.0 9.855115845603969 35.54743922692543 12.807743832217794 36.88554284131997 12.551633685349543 36.55018092580276 11.674701213136728 38.0929789865631 12.954306419820348 38.93145228381183
57 570 0.08350169875223341 0 -436780.0 9.854468358323759 35.58525150817854 12.866115793271206 36.90348285221118 12.392752379214604 36.58360066000725 11.666860898582943 38.1683795856345 13.079002421459883 39.00281145917258
58 580 0.0767166280272114 0 -438280.0 9.862233148800609 35.53223003123835 12.890311582299912 36.80487748489911 12.503978732017758 36.52404302796632 11.726451100126447 38.097608844318664 13.004285639266337 38.879750257795514
59 590 0.07476020816410875 0 -437639.0 10.068059788947684 35.51566468426799 12.90063339464871 36.80287243568349 12.440484548112131 36.39786799848543 11.641102188374575 37.97973972029438 13.061781206936805 38.779524204987354
60 600 0.07630228442806397 0 -436446.0 10.041115054570945 35.47165262043436 12.85858579790564 36.77981765002722 12.444518308683739 36.44718259182154 11.814778776855773 38.03824133251007 13.020302815154153 38.84563821222214
61 610 0.07659969113261399 0 -436444.0 9.976199008287828 35.47496914306322 12.835671860508727 36.7645174208848 12.422472407623514 36.55521597022362 11.778392790435548 38.08779249163608 12.949218383488907 38.97749812834356
62 620 0.08776385010640865 0 -436001.0 10.159781326905424 35.44316634525005 12.836970223162336 36.71347047093819 12.323617120662794 36.540100924213725 11.771212940858176 38.14508769849481 12.931147518302925 38.961991356561
63 630 0.08886154241953181 0 -436114.0 10.01445714035469 35.41802734297792 12.840173266939322 36.728106279114726 12.4535055553007 36.44737898122071 11.669468546989584 38.11947946353022 13.021531795278124 38.82750168126649
64 640 0.08414432061247418 0 -437005.0 9.948620479796388 35.47748621172002 12.856396889462626 36.78681916142432 12.313362133126606 36.483062121799044 11.742891076882232 38.10073355676457 13.02804697629917 38.89906574777666
65 650 0.07830327957016008 0 -437551.0 10.07593400905256 35.47220756159492 12.77796860202844 36.71084747031289 12.37232583517733 36.58645307595637 11.803974183531086 38.209969317093325 13.035218229834056 38.95243206914094
66 660 0.07540290200492708 0 -438110.0 10.113648198496563 35.49359619879437 12.777342881442175 36.69390225221036 12.324867733113317 36.54620123630448 11.822788293104946 38.197579506002064 13.054360426477672 38.9360194551679
67 670 0.07773082039345927 0 -436402.0 10.14730795473104 35.44505025054803 12.764016143586447 36.73521066863196 12.267462215428182 36.586719358452726 11.838390686954604 38.127047220379154 12.882273969584586 38.90845627096497
68 680 0.07453313475789759 0 -439106.0 10.109616782656673 35.47927660416609 12.784843492131225 36.644067477327 12.279113328402403 36.59678710585557 11.833051247800013 38.21207030783796 12.946136370552173 38.890274737171744
69 690 0.07229000996466431 0 -436481.0 9.969939784382014 35.52996473201442 12.709363211842065 36.707426186065135 12.400654802819517 36.637036448434074 11.930562271169162 38.23963916441346 12.909438566548392 38.931152693351585
70 700 0.0661954802440275 0 -437375.0 10.200917857389713 35.463422572978885 12.834952320719058 36.68393211580569 12.216076396448727 36.60157785287373 11.840557938616545 38.15690347242349 12.953928071671909 39.01606563886078
71 710 0.062497053993213106 0 -436084.0 10.0711148429681 35.496570697719896 12.851088109982198 36.6813578635188 12.26211858745799 36.63210163140868 11.84487367098259 38.13510635459358 12.908859837925437 39.01576349440958
72 720 0.0633268713092815 0 -438346.0 10.05349548066766 35.49336835485213 12.788369428244245 36.696828396922726 12.135047400597482 36.74029548046174 11.807532748531846 38.21367627531565 12.950885230747026 39.06676955805525
73 730 0.06488389780391092 0 -436462.0 10.009264626191715 35.521609696478436 12.8021493662482 36.73400998007936 12.239306602664925 36.7199127983481 11.813799302740323 38.138091593853666 12.928100324388726 39.102336489564046
74 740 0.06374303900472252 0 -436285.0 10.070512994358515 35.49163930512541 12.746289905336035 36.67526863048386 12.291014598544503 36.67727121991061 11.915265699650542 38.187668620193044 12.89857045092852 39.0324626161169
75 750 0.06009042075556223 0 -436177.0 10.112191008513262 35.53003472978268 12.765100091645774 36.661214985708654 12.158138763498888 36.625449935644006 11.894918367506087 38.110474803022576 12.915031223076047 39.02447953955818
76 760 0.05942988676252731 0 -436164.0 10.184614607000855 35.49458694421026 12.768369583693401 36.63891174468159 12.214508919460243 36.688584802171036 11.833095718470204 38.17451476032439 12.840686513645707 38.95204912074869
77 770 0.058839788530932725 0 -436387.0 10.039334341151775 35.49357109686659 12.80380705900863 36.63426968983983 12.289769275070539 36.700551162717304 11.954180913585418 38.15071483921921 12.819859193136079 39.053998242469156
78 780 0.05883136832120214 0 -437513.0 10.107259460888601 35.51751276178779 12.795214935649046 36.611845872075605 12.253580518103 36.66982138941035 11.893340099166016 38.16021874917594 12.834582935825843 39.04039225397907
79 790 0.05965109976434971 0 -438899.0 10.136219761077845 35.50698610736463 12.804016244939586 36.56373091175433 12.327999270299241 36.668145968581456 12.014619675931328 38.250654827920776 12.872489791833623 38.990488640099464
80 800 0.055390952569959497 0 -437465.0 10.093328309403045 35.489989127560506 12.82894391435547 36.68852741627878 12.275273427315723 36.62825977970372 11.93142352540201 38.17422739916026 12.920887683567923 39.02771768476892
81 810 0.04841296387859357 0 -437175.0 10.098327751688123 35.490050381481524 12.797767184595134 36.638045215379385 12.32345153683673 36.637659403744614 11.87429283768988 38.15054088494802 12.847640024958434 38.98496038161815
82 820 0.049351934088963594 0 -435762.0 10.06665636684213 35.47692337982542 12.839454803900773 36.66845802511018 12.306788585324387 36.62776592275233 11.892261051059782 38.22689109710421 12.934331894387094 38.98633799541824
83 830 0.053219557182849486 0 -436661.0 10.031173437659394 35.46154234864012 12.834813851979217 36.734911996929604 12.310259174601065 36.608627236852755 11.836346779516314 38.19511638174256 12.955301357368855 38.97635280296999
84 840 0.056020853689639195 0 -435695.0 10.073664178022321 35.4822877037774 12.816224729558737 36.71572841040538 12.298320293074827 36.609268275898415 11.954003476383571 38.192340903968734 12.95371146871529 38.95376078989671
85 850 0.05200696248080429 0 -436311.0 10.07480773714078 35.49137577127552 12.849665336818802 36.64274678566916 12.242125838096392 36.67003909126363 11.966710297417759 38.19052595218838 12.906370760876712 39.022201015531294
86 860 0.04781894095435659 0 -436339.0 10.059799881431513 35.461287056438884 12.825249624986522 36.7203418158712 12.333708107648707 36.58873215293782 11.856900861567715 38.180785716429696 12.931935771706573 38.97366028130106
87 870 0.044265543469993174 0 -436353.0 9.974775270235122 35.4796856467625 12.83906232747239 36.73000251422901 12.346455893086533 36.64137402938035 11.935207297161405 38.18884119753504 12.94628464129819 38.995786772660274
88 880 0.03928833238957291 0 -435660.0 10.016752426722105 35.49109315831205 12.78592385629566 36.67655440085812 12.309022334085292 36.659721249272806 11.919624675359872 38.186222770854705 12.920827920584003 39.02583582711914
89 890 0.03715564118763683 0 -436318.0 9.94457489919773 35.50004979080564 12.832474212588327 36.73183218652677 12.323425035404643 36.641974271945635 11.917386377373978 38.21153952280534 12.967474490264667 39.023302914914176
90 900 0.03782463650889393 0 -437437.0 9.962944037828766 35.51201173818355 12.831959653659695 36.71652860331799 12.33580443184066 36.6724214111353 11.927235911911284 38.138410852206064 12.973077401151347 39.0733147037684
91 910 0.036702126580553385 0 -436171.0 9.984006003304943 35.495116298145206 12.804699772771128 36.68986531444295 12.295036681355253 36.63534806133164 11.893128632110544 38.11606437642918 12.957589261848456 39.05217659225139
92 920 0.03420839490643944 0 -435683.0 10.078425079655293 35.49083049689819 12.781100460604497 36.6296260297378 12.234128336548073 36.59474203401117 11.926163939193136 38.160520058133145 12.9112814903067 39.00618305542224
93 930 0.0334240234009356 0 -437138.0 10.03763518907195 35.50384677231667 12.799637425572028 36.63963075259917 12.255392200107277 36.63627750797162 11.986023610887342 38.17406359268494 12.889548910098469 39.02017127214021
94 940 0.034782937755464594 0 -441184.0 10.061382530117234 35.51325858146649 12.808998994728919 36.64210803038635 12.199148797626812 36.57672488185404 11.926731529915946 38.11980984733776 12.935096229593398 39.006938349365974
95 950 0.035290117420457304 0 -436556.0 10.019500235070021 35.52495253580547 12.795460542088575 36.64479425332989 12.229472859626522 36.62378326974782 11.985657467542774 38.17936055419383 12.88548640537114 39.05503795545458
96 960 0.035993927847697074 0 -436090.0 10.005423659054635 35.52697526361165 12.820131938433256 36.669505995242346 12.173148128976477 36.61531988047704 12.006691126574658 38.151704895225414 12.911676179486854 39.061540335900126
97 970 0.035899631593010496 0 -436789.0 10.078760662882665 35.54165098960407 12.790519913886225 36.60167720761571 12.161250920250914 36.620109076891524 12.008476842844306 38.137121602809735 12.85658707204307 39.04517295171229
98 980 0.03584526550005594 0 -437917.0 10.01277426534853 35.54375117415307 12.79903832550462 36.686321407863126 12.23428708951175 36.61284055553461 12.000535000485842 38.116956234893685 12.9061400256638 39.04762494250509
99 990 0.03767502196561307 0 -435817.0 10.038597912609568 35.539990315569284 12.78135643238133 36.689004286544446 12.222439093694192 36.62203301494155 11.927126189703296 38.10424640296458 12.919246939205426 39.03842263350242
100 1000 0.035090849373471115 0 -436873.0 10.036844048688124 35.547627071292354 12.789958396950192 36.65843447663099 12.227007234922993 36.61102862226813 11.95907850722259 38.15592805915794 12.915830483054336 39.01361464378288
101 1010 0.03251501738916939 0 -436423.0 10.085100486525766 35.53619178330106 12.812127193921787 36.64034736564193 12.239693005658346 36.61146432684567 11.962674282079163 38.0993023723003 12.922463956617397 39.01886898164669
102 1020 0.032399186919642706 0 -437089.0 10.016409649500455 35.55446768513848 12.793647989462766 36.678555451504444 12.205879352672115 36.5993518851498 11.942953558672656 38.124495811090746 12.948354026402628 39.027469661536905
103 1030 0.03284763097379455 0 -436927.0 10.032838102611853 35.553958140790634 12.782824310357803 36.64537104893382 12.22777749729697 36.6117291169293 11.935929211577815 38.156402096581125 12.965203510924356 39.02244287899849
104 1040 0.03080325188909836 0 -435902.0 10.015055551379998 35.55042174156742 12.797958748914564 36.67778981992743 12.245679704900787 36.589166262187376 11.910244134165007 38.115406875455115 12.938967706812617 39.01916556650898
105 1050 0.029412808470873398 0 -437617.0 10.01103912594844 35.54060522180307 12.831696820068185 36.70508896298889 12.26193603125225 36.5986361868791 11.921790681817873 38.10410685437017 12.932153834057946 39.02929164077628
106 1060 0.02890755275661592 0 -436277.0 10.019032171057919 35.5626593679084 12.810902006205627 36.66079043866597 12.209717812751828 36.60044321431372 11.944147473805513 38.11015516573044 12.909342584650306 39.05122524011255
107 1070 0.028670139389743665 0 -436290.0 9.997096272955858 35.54598673020759 12.812680703729676 36.6760964546108 12.24700830529091 36.58826577684859 11.889108639180051 38.08624227079423 12.91295395833323 39.028978390567964
108 1080 0.031146454404079354 0 -436962.0 10.03667019186671 35.574943562883384 12.818005107613228 36.64252592497477 12.203210879205487 36.602186460156254 11.952430448705515 38.07115174445247 12.877949325783925 39.032899376049784
109 1090 0.032483900232714656 0 -437240.0 10.027158284658213 35.574903364615274 12.79727651047004 36.68028363005953 12.138638426856692 36.58792692914579 11.933776482251172 38.06933853495583 12.91068321705848 39.02603056182957
110 1100 0.033576878218037884 0 -436538.0 10.01341591667936 35.58749881590965 12.780237066911289 36.64252235543932 12.128003830040196 36.60221930988298 11.915261695815053 38.06488075806038 12.879291540031167 39.027012603834805
111 1110 0.03166956552581416 0 -438033.0 10.050090647016324 35.542575321047565 12.814055884093081 36.67161507082685 12.16065894299663 36.59049636631683 11.948045724641169 38.09014099408459 12.924703021329297 39.029723005068675
112 1120 0.030006338463465506 0 -437961.0 10.047614284698737 35.54464068952945 12.818339512567315 36.64001634133395 12.169479793717349 36.606209419949934 11.942130890051335 38.106254674108015 12.908935518240291 39.01495225208065
113 1130 0.02890123303858887 0 -437900.0 10.06578730968116 35.57545699433577 12.793521837354874 36.64319726976295 12.121641408906905 36.59637735557636 11.992035716118389 38.094064747710526 12.89486376255735 39.03428210026495
114 1140 0.028612476799887036 0 -435652.0 10.053968965365385 35.557824499676016 12.799878174821092 36.65224547827792 12.192943626423492 36.64056658864787 11.95856026308723 38.12017440967276 12.90824407940853 39.02782053576788
115 1150 0.028099690129965684 0 -436026.0 10.006176027019078 35.569946027018815 12.796762564067228 36.698973698214665 12.174351045958664 36.60806077585097 11.928252040619483 38.12588796986418 12.953901632920854 39.02989879063289
116 1160 0.026307666362065003 0 -436405.0 10.026170959427764 35.55416367060875 12.813247504441504 36.66780019139944 12.174811970407564 36.623708068752265 11.905799473953472 38.076432621282976 12.898958776172911 39.05921662488492
117 1170 0.026226399850956376 0 -435686.0 10.03151823964403 35.55147687464282 12.79433521120231 36.675237085739255 12.131999311193743 36.596580737031154 11.950365933528877 38.060417071065146 12.898811860855147 39.050198443553306
118 1180 0.027822273957399786 0 -436781.0 10.023392382197319 35.53026920389429 12.797278265451821 36.66572044330525 12.164973032857485 36.60175918659476 11.92829648761544 38.09517382194968 12.89867573160092 39.00990746513907
119 1190 0.028346193999823428 0 -436692.0 10.063720091095563 35.526551488252615 12.801058987221248 36.65187798500342 12.173362163764848 36.59928077361199 11.943667161539723 38.09812721970407 12.914500482504879 39.00006317111501
120 1200 0.028800477327365404 0 -437018.0 9.980596288890096 35.56075582224722 12.777905549738092 36.68102997692378 12.161196394328188 36.62563513033859 11.943263174625582 38.096873003829465 12.889329907397606 39.02070596794732
121 1210 0.030263383285066274 0 -437154.0 10.018333527855726 35.55285334724473 12.798211384770918 36.69095594489133 12.167538189347871 36.62061957965994 11.932956390887965 38.051954571388585 12.863399693820144 39.01355394244064
122 1220 0.0289698107945391 0 -436597.0 10.024497508800648 35.55008637055475 12.783288593035785 36.68842392926817 12.134639975451144 36.603651709464025 11.950542387590525 38.07773231188537 12.885399702831485 39.02939110011373
123 1230 0.02922694164431851 0 -437205.0 10.021655793670122 35.54007081661295 12.81534329450295 36.69968692835759 12.175008054193352 36.6151359387091 11.998873552166003 38.040344170076736 12.885275852080849 39.0298760940418
124 1240 0.02977573926519869 0 -438076.0 10.056727322277768 35.534753302549255 12.82427309995777 36.683287451273635 12.196298857399169 36.627362082326385 11.999962634724653 38.05712526195565 12.869842955226686 39.03005538200428
125 1250 0.030096177326341015 0 -436285.0 9.999619451244385 35.522037932750436 12.803831799408172 36.721410505777655 12.190187255494783 36.59861867673247 11.979857616576725 38.060191962160026 12.890945478253562 39.03118456891114
126 1260 0.02797265727318746 0 -436720.0 10.011901343934554 35.530820916740716 12.81008015676112 36.69995552992998 12.201603368822724 36.60436565124551 11.927113872871894 38.05636189270324 12.911041957540625 39.03185741542232
127 1270 0.026851041196818113 0 -437481.0 9.999374875034109 35.51793102838623 12.827597392330226 36.72099000976736 12.189388903070512 36.59667275795905 11.9550613525566 38.02894081532097 12.871643017739682 39.033027408247705
128 1280 0.02661519771284764 0 -436816.0 9.992215235207372 35.515845457029364 12.835693350829505 36.713861573969275 12.230154652613654 36.60484813270574 11.951228498107467 38.014131795259004 12.873363871880317 39.03716039296324
129 1290 0.030182457337339808 0 -436842.0 10.002779007152284 35.51942613231936 12.82169672734335 36.721238565283016 12.188801982507297 36.56876139596598 11.900868500535392 38.00236454886077 12.928159571095431 39.00044459831289
130 1300 0.03253972372366976 0 -435956.0 10.039956395589961 35.50426025658808 12.81381815041287 36.71255581622147 12.186261776571152 36.554052359051546 11.933897164910409 38.05139455825393 12.953884311310913 38.99727098833608
131 1310 0.033190363332576384 0 -437020.0 10.021837347826667 35.50277545204085 12.817541162952844 36.73685579867161 12.142147076856105 36.57506373540155 11.94340171825244 38.03837641031081 12.940406363374322 39.0051811236853
132 1320 0.03336749348322017 0 -436797.0 10.025729493572886 35.52591811072358 12.817657193776467 36.733580337066535 12.14325262855193 36.56264986758619 11.987701192449446 38.03086671681302 12.92776096157057 39.02857250139858
133 1330 0.03393957986731009 0 -437569.0 9.976009267746722 35.52711033715669 12.810131048016284 36.76454160839586 12.149614364981623 36.54695959314334 11.960239269819139 38.00240450653187 12.900409097771824 39.01321534655209
134 1340 0.034333093678171896 0 -436527.0 10.012281933280631 35.50591102333475 12.821545553783722 36.72047918787741 12.20792814524181 36.555991050895834 11.9754394389604 38.01507280057597 12.922390727996417 39.03141221814811
135 1350 0.033643697935731715 0 -435615.0 9.982306349802144 35.504564127639625 12.842777780566427 36.76033074468826 12.214146736651431 36.554754430257034 11.934268158983148 37.98783024340241 12.928393093218828 39.04035625651482
136 1360 0.034821119039814226 0 -435962.0 9.98248627465362 35.501156927459235 12.840174879585291 36.78407837281128 12.186396142231601 36.57625405719867 12.021493159315275 38.05393330606084 12.928240693407277 39.04019448524367
137 1370 0.03622988542628177 0 -436129.0 9.951577464676166 35.51236777944135 12.854621113077506 36.759379321531156 12.197378394530315 36.631989729113954 11.99308104999462 38.027976287507535 12.8671129194716 39.06491298298248
138 1380 0.03423142883522116 0 -437038.0 10.000694783563736 35.48532101231009 12.847531528837056 36.74783688194419 12.18332785211138 36.562230240416966 11.977661030228486 38.02309213979657 12.918762221640058 39.01545433764446
139 1390 0.03135969238009022 0 -436091.0 9.991220576339186 35.49013372921583 12.850439639205508 36.733852516191575 12.195798014777473 36.59138794947196 12.019843852252137 38.04396557052402 12.880663786727764 39.06495560002692
140 1400 0.0313959578881557 0 -436802.0 9.980203100135276 35.50301365387906 12.854073492560602 36.72059800569508 12.229186931622571 36.632814346298616 12.006292778759018 38.07588418319538 12.855914198358821 39.08200305314242
141 1410 0.03386185784870117 0 -435879.0 9.966368060179766 35.488704270675406 12.884262781646015 36.74329454436417 12.243374171475285 36.63750507281571 12.024462992825296 38.07199809911664 12.86734710540835 39.10872235237156
142 1420 0.03377276267825833 0 -436220.0 10.014214383095808 35.48495818620714 12.878347897164527 36.72520026450835 12.205856866965165 36.62421077139703 12.001197537380015 38.062362389570175 12.861903638514464 39.0762082733811
143 1430 0.034591540640383785 0 -436762.0 10.013157655537466 35.47763447325505 12.880656680180614 36.73542008755477 12.210083663801164 36.59723561445311 11.985541878537123 38.05054742711078 12.87396891633141 39.07516529995545
144 1440 0.03339597856581957 0 -436485.0 9.983631549837336 35.505166424646234 12.832721177196888 36.72969587936595 12.179278032973908 36.579194074974836 12.001048187098512 38.054644902174196 12.880853653506767 39.0517006884407
145 1450 0.03260378530816135 0 -436128.0 10.00455396361116 35.52053591393697 12.829102119003583 36.72284239731335 12.162880727962703 36.58320881385652 11.95459008071069 38.037343496314236 12.897165455934084 39.02963399947068
146 1460 0.033540219354408325 0 -436212.0 10.008192756654907 35.51539624830934 12.83663373529105 36.70182862386687 12.137334490603331 36.54538471277006 11.969104051439357 38.02642136953818 12.898196462884084 39.047549253572804
147 1470 0.03368883471799385 0 -436389.0 10.025195283511684 35.5029820217733 12.842216372564291 36.686999928107184 12.133273246908914 36.57406792298984 11.970740805674835 38.04196071421992 12.902177228442257 39.04478471702017
148 1480 0.03689801564635123 0 -437476.0 10.057431555887371 35.481544378451176 12.846755899836836 36.693380624618996 12.144045684479451 36.55363807544361 11.929738428896203 37.98114011119166 12.894161596680213 39.06077632979269
149 1490 0.03887339900748445 0 -435454.0 10.047361862453636 35.49492786098394 12.84103453196239 36.71583765595563 12.0936718159758 36.501564171504604 11.961699510890778 37.97004205926051 12.929924217319902 39.064554498466954
150 1500 0.03862380998806504 0 -436040.0 10.027752718518606 35.47515291060773 12.846075764673836 36.69860314722276 12.175506053063476 36.547095413807526 11.911272391907783 37.97733221130041 12.88266766035794 39.060281593219834
151 1510 0.03630685355172965 0 -437057.0 10.055350546608201 35.491066903573916 12.837511201981645 36.67556284502302 12.130353820450006 36.52006947911266 11.905851338126212 37.963013937859245 12.898963397842781 39.03831192129329
152 1520 0.03622226141259742 0 -436311.0 10.038583144539153 35.476712062914736 12.868302516846144 36.66771654773137 12.214933306853807 36.56998834328391 11.973679633079676 38.012116221604906 12.859054140345362 39.078365023952344
153 1530 0.03526807276684228 0 -436692.0 10.045366106186794 35.46994700930322 12.848656603483597 36.67083413506555 12.225637824019685 36.58796065815929 11.978520893841443 38.044168971631244 12.870316330467656 39.042290074956675
154 1540 0.033990311512022406 0 -436457.0 10.068905425696089 35.48649567721046 12.843066946917668 36.68970808801617 12.168507202255432 36.56002099913098 11.999085297270641 38.06761791529101 12.934457691687728 39.04752057905571
155 1550 0.03103041283175663 0 -437455.0 10.019143094549788 35.48849567231228 12.85395752397458 36.701895151318084 12.195625841693333 36.56822430901833 11.951454762448314 38.03364647570525 12.898943216684446 39.052467841573225
156 1560 0.03091063267427809 0 -436386.0 10.059939222997402 35.49689645722403 12.822734257471344 36.68630201804906 12.131775800767304 36.53818896674981 11.96724785897326 38.05970158911628 12.942791394701757 39.036382425458505
157 1570 0.031470928965150524 0 -436001.0 10.024166867888425 35.48134476483271 12.85163796079953 36.69690802586001 12.214603687032978 36.57092258047191 11.976529057818668 38.097004669595314 12.916968117627446 39.02620817720267
158 1580 0.03130541048904411 0 -436697.0 10.03087169808515 35.47783201914864 12.837551943155646 36.66600784920143 12.159444619765486 36.567209789985476 11.962605669341578 38.0665926744281 12.904070662219365 39.04587859365317
159 1590 0.03181189736386671 0 -436922.0 10.071831021821845 35.4908307155042 12.845080319194592 36.64551180410909 12.179331859649746 36.58252995407055 12.011047868709984 38.11474446252705 12.910796582073127 39.045395074672896
160 1600 0.03227215420099298 0 -436958.0 10.0566145365867 35.491579772811285 12.826278443258015 36.65206231759231 12.137007250733992 36.5639558285458 11.96860949422748 38.06295101812302 12.93856258545618 39.046377624844816
161 1610 0.03344873631866711 0 -437474.0 10.048057552160435 35.491716255368445 12.861433816373221 36.69886897163075 12.139457365314815 36.545717578450365 11.992334999089282 38.0407222134709 12.958025800011566 39.053822841816505
162 1620 0.034792961832422455 0 -435958.0 10.068065206942522 35.47073903003369 12.871463871987432 36.67590252706701 12.190793915127912 36.59012881599844 12.05711643571274 38.143470456355466 12.959760052090349 39.04008044562056
163 1630 0.03703249402773161 0 -436299.0 10.06777924962209 35.4747874162465 12.901250090560215 36.68905230193461 12.192064038320556 36.564984101104294 12.060975423239373 38.10236860618391 12.9548943171401 39.05263472553163
164 1640 0.03952965824733659 0 -436056.0 10.062979086248895 35.47795213079243 12.898540349722344 36.69647168877652 12.18881683632839 36.54008854436558 12.045957192198454 38.08509650537608 12.979993257463615 39.04762628972877
165 1650 0.04149063519740767 0 -435685.0 10.04018192890708 35.51430474266563 12.865185149541 36.635630526901686 12.14889013995569 36.597424558766306 12.047965793964318 38.10560023809386 12.92363442456607 39.06523270218562
166 1660 0.041834883814574605 0 -436480.0 10.043236764195894 35.48118235831641 12.877827548047268 36.65488902322603 12.176151487098714 36.58752763958936 12.077667756349861 38.13004622370176 12.922642149943579 39.02480016974054
167 1670 0.04150828983668331 0 -435813.0 10.099724350501354 35.466860596034216 12.897316286001814 36.64490792867177 12.181257001780939 36.5953338655792 12.078047109789258 38.168997298140454 12.945409138418846 39.0089411318142
168 1680 0.0372939910046605 0 -436221.0 10.001762368055886 35.499549019846505 12.862726000969706 36.684474239404715 12.158444801737568 36.580772668360346 12.013906573525103 38.108944824549155 12.91885969316771 39.049435894612685
169 1690 0.035220240499785636 0 -435315.0 10.042378615328003 35.49574578258706 12.875429078770432 36.70013916671532 12.141448036886905 36.54323826011482 12.017659234734346 38.089458674957655 12.962148218451958 39.02218906891855
170 1700 0.03435900601587457 0 -436333.0 10.011216162416153 35.49373778089985 12.886617334523919 36.696297853751204 12.195959497509161 36.600496215255916 12.038166982226729 38.14600978167788 12.986765874302904 39.025071080102414
171 1710 0.03537285054179018 0 -435958.0 10.043221348311375 35.507873011496144 12.893772348416908 36.66750051541185 12.178125708228722 36.6271627303136 12.092338181441074 38.16612145496622 12.967854042780232 39.03033384889025
172 1720 0.034812301775191484 0 -436522.0 10.01767358527549 35.49307792391839 12.909027648199046 36.6897012567211 12.210360310769746 36.63797646745866 12.071513081989655 38.161836328867615 12.954039495098653 39.054210530614824
173 1730 0.03380563477623934 0 -438375.0 10.035191195476859 35.50183996006541 12.874439140496168 36.66061989661252 12.19264451376562 36.615060569768914 12.015341329580899 38.114777719244906 12.92805196804434 39.04063436574628
174 1740 0.030609350435342363 0 -436930.0 10.03795840069909 35.48680242768169 12.892209896027417 36.6972011092331 12.183990261516408 36.592567644257784 12.032851572023795 38.09585793838699 12.970096382849103 39.050241593580644
175 1750 0.02710907053683147 0 -435784.0 10.025638646575294 35.48911281141519 12.89645248372775 36.67905751042014 12.20324103339359 36.61205857483616 12.04553141163198 38.13900402764276 12.966885034772147 39.0506672283966
176 1760 0.024695590315775805 0 -436839.0 10.038179860056406 35.49184564829713 12.891704427470192 36.66242983367926 12.19282617118364 36.620981150066484 12.030434157500629 38.12182192433687 12.950520234828252 39.058726474288775
177 1770 0.02289194616008781 0 -435810.0 10.06970315020905 35.488126074204544 12.900739034090071 36.64809765741808 12.180740169989246 36.62843551378102 12.077420679481932 38.13840012717658 12.943090119051355 39.05912191223634
178 1780 0.022387300678098576 0 -438212.0 10.027565016977809 35.49520319456311 12.890305220131786 36.66357762628341 12.199229446485209 36.636287624428036 12.068947557031233 38.16356574050505 12.957351322752013 39.06553447895113
179 1790 0.022247486579795032 0 -436939.0 10.079180360752277 35.49200111167233 12.884103543148411 36.64878079085771 12.166592100085861 36.62230829798225 12.10366086306971 38.191725417596146 12.976383200334338 39.03653171353876
180 1800 0.02077014459005086 0 -435751.0 10.053276825057493 35.49698824039483 12.886738853301805 36.66836177824083 12.16819555967767 36.61725261369137 12.074524554615138 38.145077122963066 12.95868082845813 39.04752772317316
181 1810 0.020631369943491084 0 -436298.0 10.027640548068707 35.49839534451914 12.885713559544914 36.6859547749902 12.188532539848355 36.63255426720864 12.089935341263327 38.165841624334746 12.96672257384693 39.06578927607603
182 1820 0.019462656603538363 0 -437234.0 10.04491627005653 35.49507435611985 12.89184993270389 36.66156013348862 12.178148618032573 36.62349937835067 12.073588760021217 38.12586658582273 12.948575620180081 39.068413750103346
183 1830 0.019684438200676967 0 -436317.0 10.036441370241734 35.49478294575794 12.898893678465306 36.6810597608784 12.203963566689403 36.635456014742054 12.096413048895993 38.145838328966924 12.958614401135275 39.07548311118557
184 1840 0.01922086590853352 0 -437178.0 10.057925761378899 35.497757276881345 12.894017285849142 36.66759928098347 12.166969979979017 36.612112359872036 12.07632666923034 38.12479057344594 12.960766410885533 39.065745575755976
185 1850 0.017788161396460677 0 -438910.0 10.05379052384362 35.49996570497919 12.889942604724064 36.662670880664564 12.161355687036153 36.60737967357936 12.063906953295765 38.12735155321477 12.963556646894503 39.06390378690529
186 1860 0.016342471797274997 0 -435515.0 10.063383823641331 35.495063207957735 12.884985818588124 36.66369499471375 12.172903156692373 36.61257341005985 12.08325374205891 38.147747549182476 12.960716909653938 39.047184904174024
187 1870 0.01597808043225178 0 -437694.0 10.020290363682177 35.49859547457986 12.898492736574449 36.68751529844509 12.193526944391111 36.616819981610305 12.07193110642299 38.13405762851269 12.97144943158992 39.06655758106176
188 1880 0.015906139617189934 0 -437418.0 10.010254977889158 35.5005190503308 12.89587963583639 36.68812803184741 12.197248063733749 36.61969465698008 12.060149381979688 38.14065640041576 12.968592855997747 39.06315950942502
189 1890 0.016210247945912755 0 -436969.0 10.017939723975292 35.49880469765767 12.899267010291718 36.68702591039128 12.188339728678262 36.62294032224905 12.074634829438985 38.14342757896979 12.966307258473954 39.05852274823355
190 1900 0.016015927995926913 0 -436869.0 10.024770282864587 35.49650637969888 12.89486653469835 36.69566324658566 12.171216415332715 36.60639088054742 12.071770479848556 38.14816738524102 12.993351250646041 39.053880924969086
191 1910 0.015771786533124457 0 -437085.0 10.007407966248495 35.49817475089718 12.899811319805245 36.70660401454244 12.18944951060029 36.62035779174875 12.078361013961642 38.15435840735901 12.987633801894718 39.05369495426746
192 1920 0.015988220232230663 0 -436482.0 10.014732264554002 35.494336376858676 12.896071536898033 36.69793064391749 12.188189257625865 36.616456520334864 12.069452752904523 38.13312604310354 12.983401698696124 39.06008719307322
193 1930 0.016144753319941384 0 -436777.0 10.018122204781724 35.48953490817288 12.907845586644205 36.703049182928886 12.193092115286268 36.60778467809266 12.071959259437879 38.13988218378141 12.988078208172013 39.055411737038966
194 1940 0.015683767196670105 0 -436920.0 10.02062110762322 35.492882904957135 12.89784972492119 36.707314679062996 12.172350212515731 36.59817935904176 12.073948496527933 38.139505055332805 13.004038152284979 39.051472682155264
195 1950 0.015333289771323236 0 -435593.0 10.008236357607839 35.49979549255878 12.90139582181983 36.70786228741061 12.174930161584662 36.61379451850862 12.073649191274328 38.13726046459776 12.994170576848752 39.05525068420494
196 1960 0.014769215516059654 0 -436984.0 10.018852547459797 35.487925098557284 12.902941735269742 36.71190256666923 12.193039357422228 36.60409645216231 12.076247488853353 38.15024360122544 13.002930607496257 39.046230754736754
197 1970 0.014080424645911622 0 -436836.0 10.026739233384134 35.49058301112922 12.901553686898147 36.70101782448385 12.181498141328206 36.60896047607745 12.075435755489782 38.147375165740506 12.989893658015559 39.04950802735089
198 1980 0.014207978824736903 0 -437168.0 10.033099834303496 35.48996655016169 12.902490212802228 36.68669494110516 12.18271207102139 36.61410097986632 12.076210335679821 38.13702922864025 12.967977629632113 39.05002437554497
199 1990 0.013519503834396228 0 -435966.0 10.035953113015074 35.48659801408726 12.904808480915555 36.68990141185245 12.191881576126494 36.61146686301258 12.068166628875641 38.13609364135897 12.977684962029251 39.05192749214495
200 2000 0.013153676318458525 0 -436091.0 10.051467712139612 35.48880239696026 12.900804862222891 36.682676926921204 12.17932392344372 36.609213628547955 12.082363655378712 38.13712495391675 12.972676794804242 39.04179866863146
201 2010 0.012988433804803088 0 -437176.0 10.047102137848546 35.48423563848095 12.903053693300446 36.69046641479018 12.184953737080535 36.59871280583822 12.078377889746319 38.129525809679365 12.969538283108976 39.04204381168565
202 2020 0.012477522762854288 0 -437488.0 10.050310564980801 35.485579141721004 12.904526252202881 36.6833023950865 12.189693826375457 36.608042436442105 12.08237823704502 38.1394287214047 12.975613905013448 39.04830094126169
203 2030 0.01191297233110736 0 -436957.0 10.047339344319628 35.49242456104817 12.90244634614969 36.683344305243544 12.177916727310505 36.60675609944885 12.079238146817232 38.12989110677716 12.972795980941202 39.0533716554219
204 2040 0.012366488353956302 0 -436062.0 10.052126986670928 35.48718240333702 12.903869293257774 36.67192395810532 12.188003936502486 36.61013563825995 12.078168570023486 38.13715144689599 12.96221182426511 39.05479776504096
205 2050 0.013715340405819789 0 -437204.0 10.067654007361876 35.48549218864598 12.901583698220385 36.660002954155026 12.19325820821081 36.60760412565238 12.068540347723609 38.13846290354015 12.955137825326165 39.04389387450325
206 2060 0.014913277154309323 0 -436332.0 10.075542666996474 35.48684641140515 12.898944723351264 36.64815651318566 12.193039080580128 36.61372250701302 12.077880523364515 38.139673090552385 12.946526056602597 39.05551669701576
207 2070 0.01525507590308658 0 -437661.0 10.077144627082092 35.48639284822889 12.895683079185797 36.651035757807115 12.186111971727337 36.612542357413844 12.061681752825303 38.130905143311885 12.94771818603509 39.04943701490172
208 2080 0.016416155848088056 0 -436160.0 10.072268593177244 35.49268946996246 12.887054701228555 36.63336863976087 12.180648221885967 36.619815724712076 12.053381469239653 38.14035087022101 12.93923934720163 39.05280312168509
209 2090 0.016679997957022737 0 -437409.0 10.067170679927582 35.47740362903684 12.905626936955395 36.654105531334885 12.213158443912024 36.62661666038033 12.061703426081287 38.14556503435928 12.948223548332118 39.04786850523762
210 2100 0.015947395586782948 0 -436460.0 10.067832678426107 35.48044936740155 12.905810555725497 36.65692450018605 12.206330125963381 36.618641185176045 12.074206943887827 38.14280105555185 12.950909598156434 39.05393969244819
211 2110 0.014473593995396378 0 -436511.0 10.056074988007252 35.48168731501328 12.9073545016133 36.67296388034983 12.200644483936578 36.61604650839447 12.070717145258262 38.13572692426593 12.958231674421741 39.05515491322764
212 2120 0.014107422338835489 0 -437575.0 10.091165625528316 35.480582438390186 12.897127449578774 36.63033276288384 12.200834776666172 36.61164452167014 12.055759779825546 38.13222680043611 12.92715441880563 39.03817200484869
213 2130 0.013504263703813595 0 -437308.0 10.07410866069163 35.480918195888336 12.902345518876036 36.64610239967453 12.219297710718353 36.61678086638419 12.059654163146185 38.13998361474355 12.9364866950193 39.047163127932805
214 2140 0.014136882428369146 0 -436935.0 10.0691402868632 35.47911077419181 12.909216867401016 36.64428826358632 12.222322425643032 36.6185706559895 12.056347875928845 38.13355388830448 12.923814931696587 39.048371171086785
215 2150 0.013923153683180698 0 -436927.0 10.063923879863017 35.480803171727835 12.902900260626154 36.65440630576741 12.219280699692032 36.61540510796927 12.045579723413221 38.12654541533207 12.93031053264315 39.051585379227085
216 2160 0.01306533835619955 0 -436213.0 10.078492540000507 35.48156850190931 12.896482327751205 36.63198465460317 12.220149482785676 36.624828287384474 12.054786931437945 38.14557451201458 12.922386460212806 39.04161971482907
217 2170 0.012891199881630127 0 -436566.0 10.07559743561822 35.47874190010225 12.90701206615732 36.63549704080454 12.235701295212998 36.623881743072985 12.044052391760186 38.13117435384117 12.915002042861959 39.05219879241128
218 2180 0.012697507650418901 0 -436838.0 10.0749572899277 35.48021533497988 12.908057980228971 36.63935409655271 12.224552685093125 36.62564012844695 12.062517445992555 38.13658238005942 12.928214863236871 39.0510580903922
219 2190 0.012337277922213822 0 -437231.0 10.056627935372388 35.483206983597476 12.911832396676155 36.659555315458 12.224649141379187 36.624820224684626 12.072289402711043 38.14233860296335 12.94219311922902 39.054780352509894
220 2200 0.012711787876446829 0 -436880.0 10.057885449888898 35.48020486703784 12.912729635348247 36.661930920346194 12.23153956162498 36.626061114970916 12.083963444792643 38.15632648562889 12.95559534263635 39.05518122534846
221 2210 0.013677393974181978 0 -436030.0 10.062601628699017 35.48100369712403 12.91379126308086 36.65819477164738 12.228759553033205 36.629951361820964 12.08637109858878 38.16034034350619 12.959355011069073 39.05600581399425
222 2220 0.014086412310484665 0 -435779.0 10.072551982954872 35.47931309866493 12.904400537771716 36.63835351509245 12.238607378433704 36.63262980332293 12.064528592167962 38.151924258589744 12.92636597774688 39.054843275525506
223 2230 0.014170886352392019 0 -437631.0 10.080065077805619 35.4831826225439 12.903993234929375 36.63956327866599 12.229560963496281 36.63070725674497 12.076987997631639 38.157500471811424 12.938147457845934 39.05423233569502
224 2240 0.015163376097827403 0 -436137.0 10.070550482509306 35.48467437735268 12.909593222447304 36.648874798788626 12.23588787849534 36.639341372890954 12.084637010820124 38.170307276613904 12.950767770842964 39.05900371246017
225 2250 0.014794853347833654 0 -437035.0 10.091793311872578 35.479438469949805 12.902440106754655 36.6276113946699 12.24034539095128 36.642959328239264 12.079403131972647 38.16827806461554 12.9285041564099 39.05533494775039
226 2260 0.015210530117176685 0 -436521.0 10.087374162971663 35.47630645498 12.902182045461585 36.62380245482035 12.260474037680293 36.65008490051442 12.07093035713453 38.18161485958546 12.926980579228408 39.05133950393318
227 2270 0.015599315791858484 0 -437212.0 10.09367326762249 35.480265254757036 12.899260369970303 36.6220476337813 12.238386038600881 36.64055356243987 12.061571005598928 38.16638036717199 12.929373835431134 39.0491685958627
228 2280 0.015018702975762166 0 -436512.0 10.09770300845158 35.474817700384065 12.909127500985903 36.61310674428232 12.237342222125296 36.63032929888588 12.056929518076108 38.14596955915115 12.91909549821052 39.04983471395809
229 2290 0.015802393959227792 0 -437171.0 10.089191811228128 35.47302170475081 12.91958511335272 36.636417765039646 12.240544702515935 36.62779666493828 12.065315946864743 38.13594810910777 12.933986743738055 39.062343751967106
230 2300 0.01651048659424729 0 -436981.0 10.091182324220458 35.47368764459867 12.91749520034967 36.62065290121536 12.255441136462277 36.639444381882065 12.076399501573325 38.16222193302062 12.932690500810262 39.050508055642815
231 2310 0.01619046172933434 0 -438454.0 10.088676355517133 35.474440487111345 12.911493392990593 36.63252501807967 12.249770329482825 36.632953962118506 12.065908070861083 38.154306159135565 12.93643638820258 39.06100792495011
232 2320 0.01653012065381126 0 -436041.0 10.08958748435677 35.47496525583947 12.91280066048465 36.62572244263739 12.244184141807022 36.64232374828189 12.08291866386258 38.16802585574099 12.949542821947068 39.05873669617553
233 2330 0.015653542077515056 0 -436036.0 10.082434245310415 35.473382588183 12.922602745961509 36.642846767653246 12.239755478037308 36.63132372222864 12.071029109843511 38.13196190632793 12.930162360061846 39.07012970107016
234 2340 0.015404090010044585 0 -435909.0 10.059736096015891 35.47936060259405 12.916618823150047 36.65160334171223 12.254080390642482 36.64132612472987 12.064425886325674 38.15032108654602 12.9434223336041 39.07043412264753
235 2350 0.015715502291637127 0 -438727.0 10.07498840877159 35.47607042196895 12.91664169386227 36.62980431762604 12.253150123597713 36.65756881287302 12.056528609393922 38.14346828684169 12.913623394540744 39.06854892793661
236 2360 0.015207662184274018 0 -437537.0 10.087607159044623 35.48420849504762 12.906579540080726 36.63864575381042 12.22406741562539 36.62725203370274 12.065511960166676 38.14781294718612 12.943509372319017 39.060422514303966
237 2370 0.015622415481072452 0 -436938.0 10.06576941948889 35.48208170674406 12.909472344722195 36.63974213622484 12.251932629290211 36.643425187175396 12.048457421941325 38.14648324705765 12.935496880140018 39.07545830078535
238 2380 0.015038639635182094 0 -435838.0 10.078658689357162 35.47584885923388 12.915451791946696 36.64421997158462 12.244384725795049 36.63786126522459 12.062151923717122 38.14035980134559 12.943446384180985 39.07238755152627
239 2390 0.015006301388655066 0 -436667.0 10.07052795539658 35.472452051306355 12.9163437248388 36.65116709438422 12.251143387041866 36.63550131835789 12.062140037799475 38.14276818166369 12.945666901010732 39.07541257625361
240 2400 0.014300271213183871 0 -436684.0 10.07738056245329 35.47546057719455 12.909113085138944 36.63855208637555 12.24690136103988 36.63132322926821 12.052641706574203 38.13856956591829 12.932870115396598 39.06369478098366
241 2410 0.014812121437189806 0 -436261.0 10.084996898514024 35.47258231415477 12.913190212803633 36.641564585276925 12.250394015568697 36.63248204474844 12.071566882008511 38.14543726992839 12.940022142237844 39.06920239709721
242 2420 0.01679335781317321 0 -436379.0 10.093041314483568 35.46646815408989 12.913101564110981 36.633120379312764 12.260302878836278 36.64235123730817 12.073445189776328 38.15396930372855 12.935289563252361 39.07083471697982
243 2430 0.015824851926354324 0 -437158.0 10.084360471543874 35.46698738270587 12.913695868547249 36.63953392337956 12.26122360641073 36.63435794858782 12.059185939610074 38.14573336742544 12.934074463188818 39.071748736985775
244 2440 0.01431968156022133 0 -435739.0 10.084104288416095 35.47649842379787 12.91590385634803 36.649705974260876 12.234403811292209 36.62346636604773 12.079277910658423 38.14325758775275 12.949999581485022 39.07112739292415
245 2450 0.01372131511838573 0 -436301.0 10.082410708483401 35.47576406061539 12.911983184463955 36.64333335850368 12.233901431196006 36.62918553559257 12.078353689401558 38.15615654714259 12.954527303917725 39.06981711419614
246 2460 0.013167676602526926 0 -437061.0 10.073650183797577 35.47100595149293 12.916983799163269 36.644995585429506 12.271252212324315 36.646930055987255 12.078716342898225 38.16814979201184 12.946316211074727 39.07101391746418
247 2470 0.01269205298237492 0 -436578.0 10.078655288843063 35.48193236344629 12.901602954707318 36.63270848000977 12.24758674037611 36.64046430266634 12.067343334300583 38.165139578707304 12.947342175371364 39.06343656429884
248 2480 0.012575720910442692 0 -435358.0 10.093726464697543 35.476782367287015 12.90744740599654 36.63110888826283 12.237771394815764 36.62663718707966 12.076852280959317 38.157258783362884 12.951372786862137 39.06790476668005
249 2490 0.013113818072282535 0 -437234.0 10.05663801505826 35.48054930428024 12.90419129834712 36.653497841671786 12.256016242550922 36.6406664871397 12.059082143353944 38.154336971587895 12.946251888359958 39.07638388501499
250 2500 0.014022260761265417 0 -436218.0 10.066422482081421 35.48826585555655 12.89555677662388 36.64143330297786 12.228426657794829 36.63659421472347 12.060807884884403 38.14767536589002 12.947298821602464 39.07164347606498
251 2510 0.013804058672123067 0 -437901.0 10.07930625791773 35.47809283642142 12.907227652671102 36.633187722443985 12.250925731777299 36.64652367921774 12.073701221684377 38.15982414357171 12.937229294616081 39.07363889780367
252 2520 0.012925244685134729 0 -436886.0 10.069526775264077 35.479763502504305 12.905370961794933 36.64693865332193 12.248565777604924 36.64049671708499 12.085377860211526 38.16993259417499 12.95766627607751 39.072806429827985
253 2530 0.012382569245357414 0 -435612.0 10.06962753654759 35.48253074838441 12.908392761000968 36.64445756766915 12.25214255534111 36.64825962709147 12.08546067787336 38.16569029349073 12.956519110841024 39.07656264300269
254 2540 0.013083152374470513 0 -436977.0 10.081414008493072 35.47519999917753 12.914432350379514 36.633567539166755 12.26936990532472 36.661661831696954 12.096107272886032 38.1826914361731 12.944429249109174 39.07517106823027
255 2550 0.01330161914218755 0 -436047.0 10.060522397605395 35.47318053152414 12.916645378180744 36.64590973200451 12.27956157454419 36.657856561126266 12.09179014553538 38.18120420197011 12.942880394938895 39.07602751042072
256 2560 0.012865750749013399 0 -438859.0 10.091504341596218 35.47148820199783 12.909145832076485 36.62331837222126 12.265323734569822 36.647873186816504 12.074626331123165 38.170371599175105 12.938486793087872 39.068295722499386
257 2570 0.012658654045864186 0 -436156.0 10.072946086037055 35.47431355448648 12.912076375069857 36.63764135881343 12.27105106943094 36.658003003045614 12.089003524125367 38.18181461125486 12.952597724540777 39.07540058037772
258 2580 0.013850908919754743 0 -435693.0 10.0482563807447 35.48378895904108 12.91160720793395 36.64946690600277 12.261313850713927 36.661394536250306 12.072444402677911 38.165926643525864 12.952799270943462 39.080531111843136
259 2590 0.015576755897387847 0 -436700.0 10.066750558479725 35.4866093319197 12.899191694493453 36.62726187740363 12.24694992272108 36.65534275828368 12.066545964193839 38.16362702430632 12.935778168711662 39.06290483025664
260 2600 0.014565613035215445 0 -436770.0 10.079501597646031 35.47908043339233 12.903781122397486 36.62979836456294 12.250144918437138 36.65777417362976 12.075868496699767 38.17091912398289 12.946917520070848 39.0680013591314
261 2610 0.013657256717192113 0 -436400.0 10.07273847943108 35.48257477433532 12.90392444442085 36.62949584748237 12.270297224996797 36.66090870788368 12.06231401957419 38.16761812841767 12.933870383555977 39.069372210677315
262 2620 0.012555762358440286 0 -435745.0 10.069655360584264 35.47835290289605 12.909133697310274 36.63444382240442 12.263787877902393 36.65980561465297 12.06948923911929 38.171024448286865 12.939568006785121 39.06935863801152
263 2630 0.012403273627875272 0 -436770.0 10.075733479632529 35.48130930962743 12.902677692599395 36.618736224182335 12.258364282152401 36.657424528729294 12.06114334771963 38.16452252551398 12.930986465159865 39.064556117832275
264 2640 0.011670754938421093 0 -436526.0 10.08061849141562 35.48045422812527 12.903966122926331 36.619281529136344 12.25274059225587 36.662184493612365 12.084836334335012 38.18040754268945 12.942734755011202 39.063803203396525
265 2650 0.010122751094986024 0 -436648.0 10.0790079068722 35.4841561169739 12.90087818532516 36.62033120968107 12.248745804919793 36.65360015019875 12.06646839223264 38.16274585785635 12.932685074769195 39.066550241329594
266 2660 0.009311013551632339 0 -437734.0 10.082245509266679 35.4775601693692 12.903591004616114 36.61886719049637 12.257644070551423 36.6536044963593 12.063845647448138 38.16219338845165 12.926888611053633 39.0649395630217
267 2670 0.008825179603344396 0 -437107.0 10.083225420013084 35.47627775386626 12.906784685043814 36.617629965403395 12.269750797560079 36.6627133364185 12.062681530133647 38.17037699752275 12.926744318550236 39.06148243442769
268 2680 0.008455509903677055 0 -436422.0 10.073533432963632 35.477606138442326 12.906337696989334 36.62438445737501 12.274771562822954 36.66041171714499 12.059996348645218 38.16852903961303 12.928531541521505 39.06388486258013
269 2690 0.008777824955256143 0 -435858.0 10.074353703424409 35.478200863873205 12.906873375081355 36.619691590943084 12.274615534343551 36.668371643977565 12.058801433869489 38.1661775802878 12.923332746183496 39.06817173008955
270 2700 0.008711409601232048 0 -435586.0 10.063763098035082 35.4775839450598 12.90660461478065 36.6277452567479 12.278948040371214 36.666215267730074 12.063967099859536 38.17017920963694 12.92694674447217 39.06917700773086
271 2710 0.00896586049005754 0 -437128.0 10.061164221666086 35.47923402030749 12.90683570497358 36.625503367547644 12.283915554296776 36.673029397396256 12.0618802083266 38.17490889501136 12.924029881735462 39.068908979866634
272 2720 0.009113598521721286 0 -436633.0 10.07721517902116 35.47280066697933 12.910190640153255 36.623288154511364 12.282634780915046 36.67057469915667 12.072410969591838 38.177888751746735 12.928379702545508 39.06852277171545
273 2730 0.008758341097736742 0 -438536.0 10.07094352260005 35.4805044948516 12.903073837210574 36.624173851342704 12.268670175679656 36.668099962696346 12.071928911296462 38.175094954620285 12.932470162879822 39.067033927690254
274 2740 0.008562727618749842 0 -436929.0 10.057425998705563 35.47669219935383 12.912444992033116 36.636881384308516 12.287060387624084 36.6777731313503 12.07114927117062 38.17886615981305 12.93577191097528 39.07507106986212
275 2750 0.008533097618401741 0 -437448.0 10.075754376730362 35.476397259118684 12.903703253127112 36.61736635744679 12.280385888305 36.67297638758139 12.064864669916904 38.18020902763124 12.929322676927839 39.06561987931639
276 2760 0.008408397757618325 0 -439320.0 10.08139935423646 35.47532277465999 12.901846756491455 36.61240566955466 12.271824524729675 36.666120606463835 12.070166818386438 38.175933354170716 12.925536920026666 39.06149110999488
277 2770 0.008354742297073461 0 -437994.0 10.092154725799928 35.47470834348144 12.902782319248056 36.611261415935125 12.270334743920767 36.6660509366703 12.075870126325535 38.18135780202965 12.931545316350654 39.06316210390225
278 2780 0.0076460649827457 0 -437248.0 10.076832427715432 35.47118121802887 12.908246640673932 36.62062819373166 12.28547455408487 36.67216059438213 12.072367089908939 38.17927348562798 12.926146013337693 39.06907670768011
279 2790 0.007694409559583128 0 -436337.0 10.088292998630065 35.47320937286557 12.901695438060683 36.60498909364625 12.287326552590327 36.67746264932069 12.065271743204148 38.18656831889927 12.921858071679026 39.06139876137218
280 2800 0.0077252022121926806 0 -436709.0 10.08736250856606 35.47480143468183 12.90203099366103 36.60983609655743 12.280287040305138 36.67634628190545 12.07365223406525 38.18503196382711 12.929704424149309 39.06621743008944
281 2810 0.007455320652173258 0 -437260.0 10.08366009948533 35.47681760209078 12.902438098201182 36.611038513210076 12.278949026085964 36.677507838904724 12.071411343044794 38.18418555524447 12.927208462893736 39.063807908946515
282 2820 0.007663264495560281 0 -436927.0 10.080218210155298 35.48131736428187 12.901052077894322 36.616236793037885 12.264537999341213 36.66869558183455 12.071693555806602 38.177922987243285 12.937580801170256 39.06569714263652
283 2830 0.007363997528210353 0 -436953.0 10.081660275756576 35.4788041522582 12.901537233987279 36.61418334639663 12.269496607390625 36.67302712430514 12.069858035844586 38.18128501485234 12.933465042640035 39.065308189680216
284 2840 0.007818090451665942 0 -436915.0 10.072431290677086 35.47942723264121 12.909404333702938 36.62594627356333 12.276457594953168 36.67741826418782 12.080784376022814 38.18226328254395 12.939329911527155 39.072742617710155
285 2850 0.007919422025758922 0 -436932.0 10.07305594469296 35.48090008901917 12.903578787198278 36.622200478931575 12.272954751036547 36.677462574622545 12.07534649999787 38.18419378350939 12.940235921812212 39.06792297661535
286 2860 0.00844497782537292 0 -435790.0 10.066828721136858 35.480880925611004 12.905095176925565 36.62939712572338 12.27304921318647 36.67531524584806 12.074191713029036 38.18174520720697 12.94149913072117 39.06785639434786
287 2870 0.00844697247336907 0 -436840.0 10.07600076966475 35.48116681831468 12.90152098930074 36.617810651742786 12.268327468568732 36.67395108771267 12.07428181412696 38.1822906789559 12.937014903507432 39.064489984207114
288 2880 0.008412556185801905 0 -437029.0 10.068556497638212 35.48453666955742 12.904054156076892 36.62879714873015 12.260209455378861 36.66557963132605 12.06547923655461 38.166915690718355 12.942370385763939 39.06783976308729
289 2890 0.00844046330536647 0 -438663.0 10.071289085437279 35.48163585039132 12.904863254157393 36.623534280712434 12.273923981768341 36.67509329031461 12.065898253204045 38.17272937966082 12.935171433620827 39.068410265086214
290 2900 0.008327958253332208 0 -436242.0 10.066848223584964 35.47954738381963 12.909040827993481 36.630118912388184 12.27848521081463 36.67628082036772 12.073780864561108 38.17554956812199 12.94127046483 39.07268786522086
291 2910 0.008283684878464299 0 -437872.0 10.06025530959644 35.48320260583216 12.902488933385591 36.62854905129213 12.275702887615587 36.679715692512 12.069091388193536 38.17874915996376 12.941389629594559 39.07309020094246
292 2920 0.007863299348379187 0 -438233.0 10.067764278448397 35.48342444120711 12.906090695898657 36.62951035493843 12.268478450199973 36.67353103241058 12.079448457440625 38.178007344189 12.946431320621947 39.06909235534165
293 2930 0.007981468989422041 0 -437096.0 10.069682217350758 35.48454708278157 12.905441205785603 36.62776584848604 12.26576583491749 36.67248785623043 12.075833738318902 38.173240344442405 12.946747091200335 39.07246381833798
294 2940 0.007658581943249401 0 -436692.0 10.057920420690003 35.488006296180345 12.907688284393528 36.63944332567189 12.261515590119684 36.67122427752369 12.07182685680749 38.166647010591866 12.949610698357686 39.07469725477171
295 2950 0.007222231254340769 0 -437451.0 10.064634149570564 35.482998461783524 12.907486840318507 36.63185675143695 12.269022648010584 36.672647759166615 12.075930231502042 38.175797968670295 12.944734320382395 39.0680687670034
296 2960 0.006978860048101136 0 -435797.0 10.067057619109557 35.48405990284642 12.90572467872719 36.62871243917479 12.265177214096944 36.67339063558989 12.071142116395494 38.17568854206043 12.943919807131532 39.06563225394325
297 2970 0.006834256048776002 0 -437160.0 10.06221116255824 35.48515521216311 12.907075124805134 36.635044601742436 12.265027754892355 36.67062782606203 12.076626657752518 38.173124298743815 12.948843299711188 39.068039226194855
298 2980 0.006569902337049347 0 -437270.0 10.060997002023084 35.48183457603925 12.909087730203574 36.63694706117044 12.270650565709904 36.67258031270491 12.078215557006306 38.17716411860497 12.947542995587936 39.0678802470084
299 2990 0.006091520418461094 0 -436807.0 10.059603190627039 35.483267435503684 12.907212087688041 36.635156273125254 12.270859227302743 36.671144238383405 12.071112033466997 38.1753167149621 12.945965716176548 39.06776109171321
300 3000 0.005803076302201976 0 -438427.0 10.06485548792243 35.483677520058 12.907130455984463 36.63163130092235 12.267077794513433 36.66901476559306 12.070606158742551 38.171417919475594 12.944356165481693 39.06791862066004
301 3010 0.005846985825813355 0 -436234.0 10.05793307802359 35.48412293026507 12.908014022945386 36.63590111923963 12.275986850555988 36.67196468388636 12.068484039948896 38.17411571104886 12.945702649146229 39.06820586639572
302 3020 0.005906565685258192 0 -435920.0 10.063944556188455 35.48366125438603 12.906680985125929 36.62982143561493 12.272594893613917 36.67231446005629 12.06637636634326 38.17327312439508 12.941721378024528 39.06638263243587
303 3030 0.005586379812109199 0 -437284.0 10.065834549328741 35.4833179730282 12.905263692261762 36.6273893557244 12.273767478936241 36.67344785792855 12.065694719053214 38.175726677963226 12.940469827980216 39.063492426152074
304 3040 0.005482766598709218 0 -437084.0 10.070719299335513 35.48202877262733 12.903276685349232 36.62449985788534 12.270139014222034 36.667619301512275 12.067999177780306 38.17480015326646 12.93985683282301 39.06337188515527
305 3050 0.005504765660941059 0 -436249.0 10.069286811808361 35.482686063591444 12.90428265449743 36.626759577365235 12.269233623616687 36.66839802266702 12.066017655490375 38.16961714857556 12.939024497601995 39.06922763141299
306 3060 0.0049929562734894245 0 -438846.0 10.065859728984856 35.48103500159555 12.905054112788088 36.62668443186354 12.275935325461878 36.67190838653046 12.06638117659283 38.17664086434835 12.938643634596199 39.0661276452346
307 3070 0.004953149782025382 0 -436911.0 10.07226555228903 35.48222649167906 12.902270115470309 36.623002758747425 12.266532139742496 36.66466035940979 12.06405444700409 38.17136951905925 12.938977921522623 39.06501721586227
308 3080 0.004392242176720016 0 -436232.0 10.068469561901738 35.48268828150609 12.903911191211252 36.62541044783576 12.270704268966465 36.67008916447852 12.067210350719916 38.1755857882512 12.9417267436844 39.06398970326828
309 3090 0.00408900156349151 0 -436064.0 10.066430597616582 35.4831606338619 12.903948983122975 36.62620261777987 12.270618413324774 36.67048895486827 12.065824562539603 38.1743313496279 12.94093121517473 39.06581868700172
310 3100 0.003838700986861055 0 -436402.0 10.067386191086225 35.4817335172061 12.904471265081499 36.626255936369404 12.273769801730065 36.668333121795385 12.06278499080312 38.172783253686944 12.939105359717516 39.06429249948831
311 3110 0.004238164172833602 0 -437117.0 10.062927499246403 35.481378193766645 12.904457096099673 36.63063980241828 12.273251292976202 36.66752266970433 12.066207626827628 38.17282132037064 12.94027588293676 39.06491534486159
312 3120 0.004443787559678813 0 -437502.0 10.062560341410794 35.48191789595811 12.904475129303902 36.62969693205593 12.2758316510593 36.66959123020714 12.064995413381729 38.175262014184284 12.940425718006685 39.06344700273361
313 3130 0.004515458977769675 0 -436414.0 10.066293724007926 35.480672558958126 12.904292112192355 36.628240326721546 12.273515776581803 36.66581157880098 12.065351822118318 38.17217882164012 12.938277772456646 39.062338964899396
314 3140 0.0044594532328841785 0 -436089.0 10.066835035173256 35.480164463621485 12.903932565684839 36.62610645189708 12.277678102464762 36.66822278617734 12.063780936747756 38.175409412505914 12.93672941959059 39.06200663232587
315 3150 0.004675016678715849 0 -436868.0 10.070329465612026 35.47881787195648 12.904108588545201 36.62259331814595 12.278170328722599 36.66749345764557 12.065228493408712 38.17757550851303 12.935013438541722 39.059772058052594
316 3160 0.00448043951681297 0 -437535.0 10.06965392043051 35.479409687613774 12.904717030550977 36.62566089022851 12.273503015766641 36.66556473169572 12.064829023676626 38.17323689567657 12.937146146770205 39.061510945723526
317 3170 0.004440492018855129 0 -436221.0 10.064661283619905 35.480533865470875 12.90539345736602 36.62661259906485 12.279614647243884 36.66817727798582 12.060220046377971 38.17228718538682 12.936031479456393 39.0640746679078
318 3180 0.00448152732433105 0 -436528.0 10.064700139651027 35.4801134076106 12.905956068624226 36.62767250952965 12.279070683852776 36.67054899979924 12.066689217395899 38.17766384473779 12.941388383688183 39.062688616835686
319 3190 0.00468995555633924 0 -437446.0 10.06824257674653 35.48041850394595 12.90614718525185 36.625487969274 12.277488634169051 36.66905036646051 12.066048819153206 38.17560741091224 12.940497681265827 39.063710047584685
320 3200 0.005044227266381679 0 -436969.0 10.073563692643393 35.48023336972124 12.9063934582811 36.624660163194804 12.273213721473654 36.66874125971719 12.07493000414415 38.179468848832926 12.942542084653276 39.061864901512955
321 3210 0.005051309927885829 0 -436082.0 10.073695993259989 35.48050303091989 12.904030161707293 36.62276226898813 12.272118926928647 36.666075545354396 12.066874518740498 38.175445133780656 12.94164448279588 39.06135380716757
322 3220 0.005191641210879271 0 -440656.0 10.080596989087555 35.478163553383396 12.905688927395154 36.62059417082171 12.273289307524811 36.66566252498072 12.072665769982299 38.17785371457699 12.940813466263789 39.05899574601709
323 3230 0.005418444460122621 0 -435779.0 10.079514440464568 35.47923086323615 12.905870608254855 36.62021703941595 12.271528594903494 36.666385794434184 12.07457464365104 38.17844720886796 12.941943448229265 39.06145299461998
324 3240 0.005340090285826215 0 -435721.0 10.08017157664571 35.477382839649465 12.906028680586328 36.61879346919334 12.275676679406923 36.665986544839726 12.072402493639201 38.17790533942325 12.937760563919126 39.05902172912987
325 3250 0.0047404064929153795 0 -437209.0 10.077135612264858 35.47799356701309 12.906534151660093 36.6230844994029 12.273561219921017 36.66452697194551 12.069481529212524 38.173528870141645 12.939860150627347 39.061611230629616
326 3260 0.004816347242573497 0 -436061.0 10.08307429204093 35.477043934500195 12.907910463658279 36.6205248390709 12.274456945422546 36.66520965030631 12.075584730779697 38.18025688663536 12.944293390358496 39.06005262636329
327 3270 0.004632750312741722 0 -436030.0 10.08328902195735 35.476562278390155 12.907045069668294 36.621359215011815 12.272497660162667 36.66239582184171 12.077575817674992 38.18064081226632 12.94319731019659 39.057888329334226
328 3280 0.004374359302974589 0 -436555.0 10.07161562116096 35.477934129577065 12.906808580294987 36.62781519484419 12.276253628598422 36.663035432155105 12.070589854009885 38.17538406558179 12.941514983664467 39.06080838124267
329 3290 0.004615371495154141 0 -436590.0 10.077839017218272 35.474428180528044 12.906384383697272 36.62238976679119 12.282676361783198 36.66407572514402 12.069796321620633 38.18037789883037 12.93659963724972 39.059105989610565
330 3300 0.005295431860762636 0 -436262.0 10.087260163981977 35.472060574582216 12.905884357668567 36.616262154060465 12.282736721462589 36.66125485436374 12.07302540869944 38.18294087513201 12.935483447200252 39.05604969653609
331 3310 0.005239975138282938 0 -436844.0 10.083796467925957 35.47369311290908 12.906160064255003 36.61696348761874 12.28256566329699 36.66410158236901 12.069867794582017 38.18084336883555 12.935751146659117 39.05830986626734
332 3320 0.005669954554979691 0 -436382.0 10.0844625013935 35.47215951909632 12.908628413085399 36.62198256402206 12.280868761847763 36.661427093591655 12.074846034566821 38.17938473451513 12.941000803798849 39.05941046053825
333 3330 0.005946652433164336 0 -436419.0 10.082448344080847 35.47285192462208 12.907797379890434 36.6226005358804 12.280952036139333 36.66119570102184 12.072803654319285 38.17780665258396 12.93780109818993 39.06024341582477
334 3340 0.006652573157075276 0 -436209.0 10.08587420113445 35.46921294781022 12.910945692197549 36.6225138919376 12.28711551577172 36.66284062770585 12.078306669888619 38.18255949088454 12.939811475168236 39.05895705976361
335 3350 0.007128652153403051 0 -436824.0 10.081578409376737 35.46894558572807 12.911014195473514 36.62567954911146 12.287738705803212 36.66302910918886 12.078071494423265 38.18036254175486 12.937788390269692 39.06003615341747
336 3360 0.007443774468865424 0 -437062.0 10.090416171477445 35.46715645905498 12.912635492390866 36.61990556434057 12.28818545171396 36.667299371722464 12.084331873080338 38.18597549156575 12.937980438582166 39.06043856780391
